,index,Date,Total_cases,New_cases,New_smoothed,Transits
0,8471,2020-02-15,8.0,1.0,0.14300000000000002,3.0
1,8472,2020-02-16,8.0,0.0,0.14300000000000002,4.0
2,8473,2020-02-17,8.0,0.0,0.14300000000000002,-28.0
3,8474,2020-02-18,8.0,0.0,0.14300000000000002,-1.0
4,8475,2020-02-19,8.0,0.0,0.14300000000000002,0.0
5,8476,2020-02-20,8.0,0.0,0.14300000000000002,-1.0
6,8477,2020-02-21,9.0,1.0,0.28600000000000003,-1.0
7,8478,2020-02-22,9.0,0.0,0.14300000000000002,6.0
8,8479,2020-02-23,9.0,0.0,0.14300000000000002,5.0
9,8480,2020-02-24,9.0,0.0,0.14300000000000002,-1.0
10,8481,2020-02-25,11.0,2.0,0.429,0.0
11,8482,2020-02-26,11.0,0.0,0.429,-2.0
12,8483,2020-02-27,12.0,1.0,0.5710000000000001,-5.0
13,8484,2020-02-28,14.0,2.0,0.7140000000000001,1.0
14,8485,2020-02-29,16.0,2.0,1.0,6.0
15,8486,2020-03-01,20.0,4.0,1.571,6.0
16,8487,2020-03-02,24.0,4.0,2.1430000000000002,-2.0
17,8488,2020-03-03,27.0,3.0,2.286,-2.0
18,8489,2020-03-04,30.0,3.0,2.714,0.0
19,8490,2020-03-05,33.0,3.0,3.0,-1.0
20,8491,2020-03-06,45.0,12.0,4.428999999999999,-3.0
21,8492,2020-03-07,51.0,6.0,5.0,3.0
22,8493,2020-03-08,57.0,6.0,5.2860000000000005,3.0
23,8494,2020-03-09,62.0,5.0,5.428999999999999,-3.0
24,8495,2020-03-10,77.0,15.0,7.143,-6.0
25,8496,2020-03-11,93.0,16.0,9.0,-3.0
26,8497,2020-03-12,103.0,10.0,10.0,-6.0
27,8498,2020-03-13,138.0,35.0,13.286,-17.0
28,8499,2020-03-14,176.0,38.0,17.857,-19.0
29,8500,2020-03-15,244.0,68.0,26.714000000000002,-22.0
30,8501,2020-03-16,304.0,60.0,34.571,-37.0
31,8502,2020-03-17,424.0,120.0,49.571000000000005,-45.0
32,8503,2020-03-18,569.0,145.0,68.0,-48.0
33,8504,2020-03-19,690.0,121.0,83.85700000000001,-52.0
34,8505,2020-03-20,846.0,156.0,101.14299999999999,-54.0
35,8506,2020-03-21,971.0,125.0,113.571,-49.0
36,8507,2020-03-22,1302.0,331.0,151.143,-54.0
37,8508,2020-03-23,1430.0,128.0,160.857,-63.0
38,8509,2020-03-24,1646.0,216.0,174.571,-64.0
39,8510,2020-03-25,1959.0,313.0,198.571,-65.0
40,8511,2020-03-26,3385.0,1426.0,385.0,-68.0
41,8512,2020-03-27,4018.0,633.0,453.14300000000003,-66.0
42,8513,2020-03-28,4675.0,657.0,529.143,-64.0
43,8514,2020-03-29,5386.0,711.0,583.429,-66.0
44,8515,2020-03-30,6255.0,869.0,689.2860000000001,-70.0
45,8516,2020-03-31,7424.0,1169.0,825.429,-68.0
46,8517,2020-04-01,8536.0,1112.0,939.571,-68.0
47,8518,2020-04-02,9595.0,1059.0,887.143,-70.0
48,8519,2020-04-03,11268.0,1673.0,1035.714,-69.0
49,8520,2020-04-04,12519.0,1251.0,1120.5710000000001,-63.0
50,8521,2020-04-05,13882.0,1363.0,1213.714,-67.0
51,8522,2020-04-06,15496.0,1614.0,1320.1429999999998,-68.0
52,8523,2020-04-07,16653.0,1157.0,1318.4289999999999,-68.0
53,8524,2020-04-08,17883.0,1230.0,1335.286,-67.0
54,8525,2020-04-09,19274.0,1391.0,1382.714,-68.0
55,8526,2020-04-10,20748.0,1474.0,1354.286,-77.0
56,8527,2020-04-11,22133.0,1385.0,1373.4289999999999,-63.0
57,8528,2020-04-12,23301.0,1168.0,1345.5710000000001,-67.0
58,8529,2020-04-13,24365.0,1064.0,1267.0,-74.0
59,8530,2020-04-14,25663.0,1298.0,1287.143,-68.0
60,8531,2020-04-15,27046.0,1383.0,1309.0,-68.0
61,8532,2020-04-16,28364.0,1318.0,1298.5710000000001,-68.0
62,8533,2020-04-17,30081.0,1717.0,1333.286,-67.0
63,8534,2020-04-18,31872.0,1791.0,1391.286,-57.0
64,8535,2020-04-19,33341.0,1469.0,1434.286,-64.0
65,8536,2020-04-20,34777.0,1436.0,1487.4289999999999,-65.0
66,8537,2020-04-21,36823.0,2046.0,1594.286,-68.0
67,8538,2020-04-22,38413.0,1590.0,1623.8570000000002,-67.0
68,8539,2020-04-23,40179.0,1766.0,1687.8570000000002,-66.0
69,8540,2020-04-24,42099.0,1920.0,1716.8570000000002,-65.0
70,8541,2020-04-25,43877.0,1778.0,1715.0,-54.0
71,8542,2020-04-26,45341.0,1464.0,1714.286,-62.0
72,8543,2020-04-27,46884.0,1543.0,1729.5710000000001,-64.0
73,8544,2020-04-28,48489.0,1605.0,1666.5710000000001,-64.0
74,8545,2020-04-29,50015.0,1526.0,1657.4289999999999,-64.0
75,8546,2020-04-30,51587.0,1572.0,1629.714,-65.0
76,8547,2020-05-01,53236.0,1649.0,1591.0,-61.0
77,8548,2020-05-02,55061.0,1825.0,1597.714,-52.0
78,8549,2020-05-03,56714.0,1653.0,1624.714,-54.0
79,8550,2020-05-04,59474.0,2760.0,1798.5710000000001,-64.0
80,8551,2020-05-05,60772.0,1298.0,1754.714,-62.0
81,8552,2020-05-06,62046.0,1274.0,1718.714,-60.0
82,8553,2020-05-07,63496.0,1450.0,1701.286,-62.0
83,8554,2020-05-08,64922.0,1426.0,1669.4289999999999,-62.0
84,8555,2020-05-09,66434.0,1512.0,1624.714,-55.0
85,8556,2020-05-10,67702.0,1268.0,1569.714,-55.0
86,8557,2020-05-11,68848.0,1146.0,1339.1429999999998,-62.0
87,8558,2020-05-12,69981.0,1133.0,1315.5710000000001,-61.0
88,8559,2020-05-13,71157.0,1176.0,1301.5710000000001,-58.0
89,8560,2020-05-14,72278.0,1121.0,1254.5710000000001,-60.0
90,8561,2020-05-15,73401.0,1123.0,1211.286,-59.0
91,8562,2020-05-16,74602.0,1201.0,1166.857,-47.0
92,8563,2020-05-17,75853.0,1251.0,1164.4289999999999,-51.0
93,8564,2020-05-18,76991.0,1138.0,1163.286,-69.0
94,8565,2020-05-19,78061.0,1070.0,1154.286,-57.0
95,8566,2020-05-20,79101.0,1040.0,1134.857,-54.0
96,8567,2020-05-21,80091.0,990.0,1116.143,-55.0
97,8568,2020-05-22,81313.0,1222.0,1130.286,-54.0
98,8569,2020-05-23,82469.0,1156.0,1123.857,-42.0
99,8570,2020-05-24,83610.0,1141.0,1108.143,-43.0
100,8571,2020-05-25,84688.0,1078.0,1099.5710000000001,-55.0
101,8572,2020-05-26,85700.0,1012.0,1091.286,-54.0
102,8573,2020-05-27,86636.0,936.0,1076.4289999999999,-52.0
103,8574,2020-05-28,87508.0,872.0,1059.5710000000001,-54.0
104,8575,2020-05-29,88501.0,993.0,1026.857,-53.0
105,8576,2020-05-30,89407.0,906.0,991.143,-41.0
106,8577,2020-05-31,90179.0,772.0,938.429,-43.0
107,8578,2020-06-01,90936.0,757.0,892.571,-51.0
108,8579,2020-06-02,91694.0,758.0,856.2860000000001,-53.0
109,8580,2020-06-03,92399.0,705.0,823.2860000000001,-52.0
110,8581,2020-06-04,93074.0,675.0,795.143,-50.0
111,8582,2020-06-05,93715.0,641.0,744.857,-50.0
112,8583,2020-06-06,94324.0,609.0,702.429,-40.0
113,8584,2020-06-07,95046.0,722.0,695.2860000000001,-39.0
114,8585,2020-06-08,95688.0,642.0,678.857,-51.0
115,8586,2020-06-09,96233.0,545.0,648.429,-52.0
116,8587,2020-06-10,96642.0,409.0,606.143,-51.0
117,8588,2020-06-11,97114.0,472.0,577.143,-50.0
118,8589,2020-06-12,97519.0,405.0,543.429,-49.0
119,8590,2020-06-13,97932.0,413.0,515.429,-36.0
120,8591,2020-06-14,98399.0,467.0,479.0,-37.0
121,8592,2020-06-15,98776.0,377.0,441.14300000000003,-49.0
122,8593,2020-06-16,99136.0,360.0,414.714,-47.0
123,8594,2020-06-17,99456.0,320.0,402.0,-47.0
124,8595,2020-06-18,99842.0,386.0,389.714,-47.0
125,8596,2020-06-19,100209.0,367.0,384.286,-45.0
126,8597,2020-06-20,100618.0,409.0,383.714,-34.0
127,8598,2020-06-21,101008.0,390.0,372.714,-35.0
128,8599,2020-06-22,101326.0,318.0,364.286,-47.0
129,8600,2020-06-23,101637.0,311.0,357.286,-48.0
130,8601,2020-06-24,101963.0,326.0,358.14300000000003,-49.0
131,8602,2020-06-25,102242.0,279.0,342.85699999999997,-44.0
132,8603,2020-06-26,102611.0,369.0,343.14300000000003,-42.0
133,8604,2020-06-27,102783.0,172.0,309.286,-31.0
134,8605,2020-06-28,103021.0,238.0,287.57099999999997,-32.0
135,8606,2020-06-29,103239.0,218.0,273.286,-46.0
136,8607,2020-06-30,103907.0,668.0,324.286,-44.0
137,8608,2020-07-01,104193.0,286.0,318.57099999999997,-55.0
138,8609,2020-07-02,104193.0,0.0,278.714,-46.0
139,8610,2020-07-03,104760.0,567.0,307.0,-45.0
140,8611,2020-07-04,105079.0,319.0,328.0,-31.0
141,8612,2020-07-05,105305.0,226.0,326.286,-30.0
142,8613,2020-07-06,105524.0,219.0,326.42900000000003,-45.0
143,8614,2020-07-07,105923.0,399.0,288.0,-46.0
144,8615,2020-07-08,106155.0,232.0,280.286,-46.0
145,8616,2020-07-09,106422.0,267.0,318.42900000000003,-45.0
146,8617,2020-07-10,106793.0,371.0,290.42900000000003,-44.0
147,8618,2020-07-11,107114.0,321.0,290.714,-37.0
148,8619,2020-07-12,107335.0,221.0,290.0,-31.0
149,8620,2020-07-13,107579.0,244.0,293.57099999999997,-46.0
150,8621,2020-07-14,108144.0,565.0,317.286,-46.0
151,8622,2020-07-15,108475.0,331.0,331.42900000000003,-45.0
152,8623,2020-07-16,108816.0,341.0,342.0,-47.0
153,8624,2020-07-17,109253.0,437.0,351.42900000000003,-44.0
154,8625,2020-07-18,109658.0,405.0,363.42900000000003,-29.0
155,8626,2020-07-19,109658.0,0.0,331.85699999999997,-34.0
156,8627,2020-07-20,110338.0,680.0,394.14300000000003,-45.0
157,8628,2020-07-21,111113.0,775.0,424.14300000000003,-46.0
158,8629,2020-07-22,111684.0,571.0,458.42900000000003,-47.0
159,8630,2020-07-23,112227.0,543.0,487.286,-46.0
160,8631,2020-07-24,112659.0,432.0,486.57099999999997,-44.0
161,8632,2020-07-25,113193.0,534.0,505.0,-29.0
162,8633,2020-07-26,113543.0,350.0,555.0,-31.0
163,8634,2020-07-27,113898.0,355.0,508.57099999999997,-47.0
164,8635,2020-07-28,114597.0,699.0,497.714,-47.0
165,8636,2020-07-29,114980.0,383.0,470.85699999999997,-45.0
166,8637,2020-07-30,115456.0,476.0,461.286,-45.0
167,8638,2020-07-31,115785.0,329.0,446.57099999999997,-41.0
168,8639,2020-08-01,116298.0,513.0,443.57099999999997,-28.0
169,8640,2020-08-02,116585.0,287.0,434.57099999999997,-36.0
170,8641,2020-08-03,116870.0,285.0,424.57099999999997,-54.0
171,8642,2020-08-04,117017.0,147.0,345.714,-48.0
172,8643,2020-08-05,117777.0,760.0,399.57099999999997,-43.0
173,8644,2020-08-06,118172.0,395.0,388.0,-44.0
174,8645,2020-08-07,118546.0,374.0,394.42900000000003,-43.0
175,8646,2020-08-08,118970.0,424.0,381.714,-29.0
176,8647,2020-08-09,119206.0,236.0,374.42900000000003,-30.0
177,8648,2020-08-10,119451.0,245.0,368.714,-46.0
178,8649,2020-08-11,120117.0,666.0,442.85699999999997,-47.0
179,8650,2020-08-12,120406.0,289.0,375.57099999999997,-44.0
180,8651,2020-08-13,120829.0,423.0,379.57099999999997,-44.0
181,8652,2020-08-14,121234.0,405.0,384.0,-42.0
182,8653,2020-08-15,121652.0,418.0,383.14300000000003,-28.0
183,8654,2020-08-16,121889.0,237.0,383.286,-30.0
184,8655,2020-08-17,122087.0,198.0,376.57099999999997,-47.0
185,8656,2020-08-18,122872.0,785.0,393.57099999999997,-46.0
186,8657,2020-08-19,123154.0,282.0,392.57099999999997,-44.0
187,8658,2020-08-20,123490.0,336.0,380.14300000000003,-44.0
188,8659,2020-08-21,123873.0,383.0,377.0,-43.0
189,8660,2020-08-22,124372.0,499.0,388.57099999999997,-28.0
190,8661,2020-08-23,124629.0,257.0,391.42900000000003,-30.0
191,8662,2020-08-24,124896.0,267.0,401.286,-46.0
192,8663,2020-08-25,125647.0,751.0,396.42900000000003,-45.0
193,8664,2020-08-26,125969.0,322.0,402.14300000000003,-44.0
194,8665,2020-08-27,126417.0,448.0,418.14300000000003,-43.0
195,8666,2020-08-28,126848.0,431.0,425.0,-41.0
196,8667,2020-08-29,127358.0,510.0,426.57099999999997,-33.0
197,8668,2020-08-30,127673.0,315.0,434.85699999999997,-28.0
198,8669,2020-08-31,127940.0,267.0,434.85699999999997,-42.0
199,8670,2020-09-01,128948.0,1008.0,471.57099999999997,-42.0
200,8671,2020-09-02,129425.0,477.0,493.714,-44.0
201,8672,2020-09-03,129923.0,498.0,500.85699999999997,-41.0
202,8673,2020-09-04,130493.0,570.0,520.714,-39.0
203,8674,2020-09-05,131124.0,631.0,538.0,-28.0
204,8675,2020-09-06,131495.0,371.0,546.0,-28.0
205,8676,2020-09-07,131895.0,400.0,565.0,-60.0
206,8677,2020-09-08,132142.0,247.0,456.286,-44.0
207,8678,2020-09-09,133748.0,1606.0,617.571,-44.0
208,8679,2020-09-10,134294.0,546.0,624.429,-43.0
209,8680,2020-09-11,134924.0,630.0,633.0,-41.0
210,8681,2020-09-12,135626.0,702.0,643.143,-29.0
211,8682,2020-09-13,136141.0,515.0,663.7139999999999,-36.0
212,8683,2020-09-14,136659.0,518.0,680.571,-45.0
213,8684,2020-09-15,138010.0,1351.0,838.2860000000001,-45.0
214,8685,2020-09-16,138803.0,793.0,722.143,-43.0
215,8686,2020-09-17,139747.0,944.0,779.0,-44.0
216,8687,2020-09-18,140867.0,1120.0,849.0,-43.0
217,8688,2020-09-19,141911.0,1044.0,897.857,-33.0
218,8689,2020-09-20,142774.0,863.0,947.571,-33.0
219,8690,2020-09-21,143649.0,875.0,998.571,-46.0
220,8691,2020-09-22,145415.0,1766.0,1057.857,-46.0
221,8692,2020-09-23,146663.0,1248.0,1122.857,-47.0
222,8693,2020-09-24,147753.0,1090.0,1143.714,-46.0
223,8694,2020-09-25,149094.0,1341.0,1175.286,-45.0
224,8695,2020-09-26,150456.0,1362.0,1220.714,-35.0
225,8696,2020-09-27,151671.0,1215.0,1271.0,-36.0
226,8697,2020-09-28,153125.0,1454.0,1353.714,-47.0
227,8698,2020-09-29,155301.0,2176.0,1412.286,-48.0
228,8699,2020-09-30,156961.0,1660.0,1471.1429999999998,-47.0
229,8700,2020-10-01,158758.0,1797.0,1572.1429999999998,-47.0
230,8701,2020-10-02,160535.0,1777.0,1634.4289999999999,-46.0
231,8702,2020-10-03,162659.0,2124.0,1743.286,-36.0
232,8703,2020-10-04,164471.0,1812.0,1828.5710000000001,-41.0
233,8704,2020-10-05,166156.0,1685.0,1861.5710000000001,-47.0
234,8705,2020-10-06,168960.0,2804.0,1951.286,-47.0
235,8706,2020-10-07,171323.0,2363.0,2051.714,-49.0
236,8707,2020-10-08,173123.0,1800.0,2052.143,-47.0
237,8708,2020-10-09,175559.0,2436.0,2146.286,-46.0
238,8709,2020-10-10,178117.0,2558.0,2208.286,-39.0
239,8710,2020-10-11,178117.0,0.0,1949.4289999999999,-43.0
240,8711,2020-10-12,178117.0,0.0,1708.714,-66.0
241,8712,2020-10-13,182839.0,4722.0,1982.714,-49.0
242,8713,2020-10-14,186881.0,4042.0,2222.571,-47.0
243,8714,2020-10-15,189387.0,2506.0,2323.429,-49.0
244,8715,2020-10-16,191732.0,2345.0,2310.429,-48.0
245,8716,2020-10-17,194106.0,2374.0,2284.143,-38.0
246,8717,2020-10-18,196321.0,2215.0,2600.571,-43.0
247,8718,2020-10-19,198148.0,1827.0,2861.571,-51.0
248,8719,2020-10-20,201437.0,3289.0,2656.857,-49.0
249,8720,2020-10-21,203688.0,2251.0,2401.0,-49.0
250,8721,2020-10-22,206360.0,2672.0,2424.714,-47.0
251,8722,2020-10-23,209148.0,2788.0,2488.0,-46.0
252,8723,2020-10-24,211732.0,2584.0,2518.0,-39.0
253,8724,2020-10-25,213959.0,2227.0,2519.714,-42.0
254,8725,2020-10-26,216104.0,2145.0,2565.143,-50.0
255,8726,2020-10-27,220213.0,4109.0,2682.2859999999996,-49.0
256,8727,2020-10-28,222887.0,2674.0,2742.7140000000004,-47.0
257,8728,2020-10-29,225586.0,2699.0,2746.571,-49.0
258,8729,2020-10-30,228542.0,2956.0,2770.571,-47.0
259,8730,2020-10-31,231999.0,3457.0,2895.2859999999996,-35.0
260,8731,2020-11-01,234511.0,2512.0,2936.0,-44.0
261,8732,2020-11-02,236841.0,2330.0,2962.429,-51.0
262,8733,2020-11-03,240263.0,3422.0,2864.2859999999996,-51.0
