,index,Date,Total_cases,New_cases,New_smoothed,Transits
0,12723,2020-02-15,15.0,0.0,0.28600000000000003,10.0
1,12724,2020-02-16,15.0,0.0,0.28600000000000003,6.0
2,12725,2020-02-17,15.0,0.0,0.28600000000000003,1.0
3,12726,2020-02-18,15.0,0.0,0.28600000000000003,1.0
4,12727,2020-02-19,15.0,0.0,0.0,-1.0
5,12728,2020-02-20,15.0,0.0,0.0,3.0
6,12729,2020-02-21,15.0,0.0,0.0,-1.0
7,12730,2020-02-22,15.0,0.0,0.0,9.0
8,12731,2020-02-23,15.0,0.0,0.0,2.0
9,12732,2020-02-24,15.0,0.0,0.0,-5.0
10,12733,2020-02-25,15.0,0.0,0.0,-5.0
11,12734,2020-02-26,17.0,2.0,0.28600000000000003,-7.0
12,12735,2020-02-27,21.0,4.0,0.857,-5.0
13,12736,2020-02-28,47.0,26.0,4.571000000000001,-2.0
14,12737,2020-02-29,57.0,10.0,6.0,1.0
15,12738,2020-03-01,111.0,54.0,13.714,4.0
16,12739,2020-03-02,129.0,18.0,16.285999999999998,-1.0
17,12740,2020-03-03,157.0,28.0,20.285999999999998,-3.0
18,12741,2020-03-04,196.0,39.0,25.570999999999998,-4.0
19,12742,2020-03-05,262.0,66.0,34.429,-5.0
20,12743,2020-03-06,400.0,138.0,50.428999999999995,-7.0
21,12744,2020-03-07,684.0,284.0,89.571,-2.0
22,12745,2020-03-08,847.0,163.0,105.14299999999999,2.0
23,12746,2020-03-09,902.0,55.0,110.429,-5.0
24,12747,2020-03-10,1139.0,237.0,140.286,-8.0
25,12748,2020-03-11,1296.0,157.0,157.143,-7.0
26,12749,2020-03-12,1567.0,271.0,186.429,-9.0
27,12750,2020-03-13,2369.0,802.0,281.286,-15.0
28,12751,2020-03-14,3062.0,693.0,339.714,-19.0
29,12752,2020-03-15,3795.0,733.0,421.14300000000003,-16.0
30,12753,2020-03-16,4838.0,1043.0,562.286,-25.0
31,12754,2020-03-17,6012.0,1174.0,696.143,-35.0
32,12755,2020-03-18,7156.0,1144.0,837.143,-39.0
33,12756,2020-03-19,8198.0,1042.0,947.2860000000001,-46.0
34,12757,2020-03-20,14138.0,5940.0,1681.286,-52.0
35,12758,2020-03-21,18187.0,4049.0,2160.714,-59.0
36,12759,2020-03-22,21463.0,3276.0,2524.0,-58.0
37,12760,2020-03-23,24774.0,3311.0,2848.0,-56.0
38,12761,2020-03-24,29212.0,4438.0,3314.2859999999996,-56.0
39,12762,2020-03-25,31554.0,2342.0,3485.429,-56.0
40,12763,2020-03-26,36508.0,4954.0,4044.2859999999996,-57.0
41,12764,2020-03-27,42288.0,5780.0,4021.429,-56.0
42,12765,2020-03-28,48582.0,6294.0,4342.143,-53.0
43,12766,2020-03-29,52547.0,3965.0,4440.571,-68.0
44,12767,2020-03-30,57298.0,4751.0,4646.286,-56.0
45,12768,2020-03-31,61913.0,4615.0,4671.571,-53.0
46,12769,2020-04-01,67366.0,5453.0,5116.0,-53.0
47,12770,2020-04-02,73522.0,6156.0,5287.714,-54.0
48,12771,2020-04-03,79696.0,6174.0,5344.0,-57.0
49,12772,2020-04-04,85778.0,6082.0,5313.714,-52.0
50,12773,2020-04-05,91714.0,5936.0,5595.286,-47.0
51,12774,2020-04-06,95391.0,3677.0,5441.857,-49.0
52,12775,2020-04-07,99225.0,3834.0,5330.286,-50.0
53,12776,2020-04-08,103228.0,4003.0,5123.143,-49.0
54,12777,2020-04-09,108202.0,4974.0,4954.286,-49.0
55,12778,2020-04-10,113525.0,5323.0,4832.714,-69.0
56,12779,2020-04-11,117658.0,4133.0,4554.286,-48.0
57,12780,2020-04-12,120479.0,2821.0,4109.286,-47.0
58,12781,2020-04-13,123016.0,2537.0,3946.429,-73.0
59,12782,2020-04-14,125098.0,2082.0,3696.143,-52.0
60,12783,2020-04-15,127584.0,2486.0,3479.429,-49.0
61,12784,2020-04-16,130450.0,2866.0,3178.2859999999996,-48.0
62,12785,2020-04-17,133830.0,3380.0,2900.7140000000004,-49.0
63,12786,2020-04-18,137439.0,3609.0,2825.857,-46.0
64,12787,2020-04-19,139897.0,2458.0,2774.0,-44.0
65,12788,2020-04-20,141672.0,1775.0,2665.143,-44.0
66,12789,2020-04-21,143457.0,1785.0,2622.7140000000004,-44.0
67,12790,2020-04-22,145694.0,2237.0,2587.143,-43.0
68,12791,2020-04-23,148046.0,2352.0,2513.714,-42.0
69,12792,2020-04-24,150383.0,2337.0,2364.714,-46.0
70,12793,2020-04-25,152438.0,2055.0,2142.714,-41.0
71,12794,2020-04-26,154175.0,1737.0,2039.714,-39.0
72,12795,2020-04-27,155193.0,1018.0,1931.5710000000001,-41.0
73,12796,2020-04-28,156337.0,1144.0,1840.0,-43.0
74,12797,2020-04-29,157641.0,1304.0,1706.714,-43.0
75,12798,2020-04-30,159119.0,1478.0,1581.8570000000002,-39.0
76,12799,2020-05-01,160758.0,1639.0,1482.1429999999998,-67.0
77,12800,2020-05-02,161703.0,945.0,1323.5710000000001,-42.0
78,12801,2020-05-03,162496.0,793.0,1188.714,-37.0
79,12802,2020-05-04,163175.0,679.0,1140.286,-38.0
80,12803,2020-05-05,163860.0,685.0,1074.714,-37.0
81,12804,2020-05-06,164807.0,947.0,1023.7139999999999,-35.0
82,12805,2020-05-07,166091.0,1284.0,996.0,-35.0
83,12806,2020-05-08,167300.0,1209.0,934.571,-37.0
84,12807,2020-05-09,168551.0,1251.0,978.2860000000001,-28.0
85,12808,2020-05-10,169218.0,667.0,960.2860000000001,-33.0
86,12809,2020-05-11,169575.0,357.0,914.2860000000001,-41.0
87,12810,2020-05-12,170508.0,933.0,949.7139999999999,-35.0
88,12811,2020-05-13,171306.0,798.0,928.429,-36.0
89,12812,2020-05-14,172239.0,933.0,878.2860000000001,-35.0
90,12813,2020-05-15,173152.0,913.0,836.0,-35.0
91,12814,2020-05-16,173772.0,620.0,745.857,-28.0
92,12815,2020-05-17,174355.0,583.0,733.857,-25.0
93,12816,2020-05-18,174697.0,342.0,731.7139999999999,-30.0
94,12817,2020-05-19,175210.0,513.0,671.7139999999999,-30.0
95,12818,2020-05-20,176007.0,797.0,671.571,-25.0
96,12819,2020-05-21,176752.0,745.0,644.714,-46.0
97,12820,2020-05-22,177212.0,460.0,580.0,-40.0
98,12821,2020-05-23,177850.0,638.0,582.571,-35.0
99,12822,2020-05-24,178281.0,431.0,560.857,-31.0
100,12823,2020-05-25,178570.0,289.0,553.286,-31.0
101,12824,2020-05-26,179002.0,432.0,541.714,-28.0
102,12825,2020-05-27,179364.0,362.0,479.57099999999997,-27.0
103,12826,2020-05-28,179717.0,353.0,423.57099999999997,-27.0
104,12827,2020-05-29,180458.0,741.0,463.714,-25.0
105,12828,2020-05-30,181196.0,738.0,478.0,-17.0
106,12829,2020-05-31,181482.0,286.0,457.286,-13.0
107,12830,2020-06-01,181815.0,333.0,463.57099999999997,-42.0
108,12831,2020-06-02,182028.0,213.0,432.286,-22.0
109,12832,2020-06-03,182370.0,342.0,429.42900000000003,-24.0
110,12833,2020-06-04,182764.0,394.0,435.286,-31.0
111,12834,2020-06-05,183271.0,507.0,401.85699999999997,-32.0
112,12835,2020-06-06,183678.0,407.0,354.57099999999997,-24.0
113,12836,2020-06-07,183979.0,301.0,356.714,-27.0
114,12837,2020-06-08,184193.0,214.0,339.714,-26.0
115,12838,2020-06-09,184543.0,350.0,359.286,-27.0
116,12839,2020-06-10,184861.0,318.0,355.85699999999997,-24.0
117,12840,2020-06-11,185416.0,555.0,378.85699999999997,-40.0
118,12841,2020-06-12,185674.0,258.0,343.286,-25.0
119,12842,2020-06-13,186022.0,348.0,334.85699999999997,-21.0
120,12843,2020-06-14,186269.0,247.0,327.143,-26.0
121,12844,2020-06-15,186461.0,192.0,324.0,-24.0
122,12845,2020-06-16,186839.0,378.0,328.0,-22.0
123,12846,2020-06-17,187184.0,345.0,331.85699999999997,-22.0
124,12847,2020-06-18,187764.0,580.0,335.42900000000003,-23.0
125,12848,2020-06-19,188534.0,770.0,408.57099999999997,-23.0
126,12849,2020-06-20,189135.0,601.0,444.714,-18.0
127,12850,2020-06-21,189822.0,687.0,507.57099999999997,-11.0
128,12851,2020-06-22,190359.0,537.0,556.857,-21.0
129,12852,2020-06-23,190862.0,503.0,574.714,-19.0
130,12853,2020-06-24,191449.0,587.0,609.286,-19.0
131,12854,2020-06-25,192079.0,630.0,616.429,-21.0
132,12855,2020-06-26,192556.0,477.0,574.571,-21.0
133,12856,2020-06-27,193243.0,687.0,586.857,-16.0
134,12857,2020-06-28,193499.0,256.0,525.286,-18.0
135,12858,2020-06-29,193761.0,262.0,486.0,-22.0
136,12859,2020-06-30,194259.0,498.0,485.286,-20.0
137,12860,2020-07-01,194725.0,466.0,468.0,-21.0
138,12861,2020-07-02,195228.0,503.0,449.85699999999997,-21.0
139,12862,2020-07-03,195674.0,446.0,445.42900000000003,-20.0
140,12863,2020-07-04,196096.0,422.0,407.57099999999997,-12.0
141,12864,2020-07-05,196335.0,239.0,405.14300000000003,-12.0
142,12865,2020-07-06,196554.0,219.0,399.0,-22.0
143,12866,2020-07-07,196944.0,390.0,383.57099999999997,-20.0
144,12867,2020-07-08,197341.0,397.0,373.714,-23.0
145,12868,2020-07-09,197783.0,442.0,365.0,-23.0
146,12869,2020-07-10,198178.0,395.0,357.714,-23.0
147,12870,2020-07-11,198556.0,378.0,351.42900000000003,-11.0
148,12871,2020-07-12,198804.0,248.0,352.714,-4.0
149,12872,2020-07-13,198963.0,159.0,344.14300000000003,-20.0
150,12873,2020-07-14,199375.0,412.0,347.286,-21.0
151,12874,2020-07-15,199726.0,351.0,340.714,-23.0
152,12875,2020-07-16,200260.0,534.0,353.85699999999997,-24.0
153,12876,2020-07-17,200843.0,583.0,380.714,-21.0
154,12877,2020-07-18,201372.0,529.0,402.286,-6.0
155,12878,2020-07-19,201574.0,202.0,395.714,-3.0
156,12879,2020-07-20,201823.0,249.0,408.57099999999997,-22.0
157,12880,2020-07-21,202345.0,522.0,424.286,-21.0
158,12881,2020-07-22,202799.0,454.0,439.0,-21.0
159,12882,2020-07-23,203368.0,569.0,444.0,-21.0
160,12883,2020-07-24,204183.0,815.0,477.14300000000003,-22.0
161,12884,2020-07-25,204964.0,781.0,513.143,-8.0
162,12885,2020-07-26,205269.0,305.0,527.857,-10.0
163,12886,2020-07-27,205609.0,340.0,540.857,-22.0
164,12887,2020-07-28,206242.0,633.0,556.714,-22.0
165,12888,2020-07-29,206926.0,684.0,589.571,-20.0
166,12889,2020-07-30,207828.0,902.0,637.143,-21.0
167,12890,2020-07-31,208698.0,870.0,645.0,-20.0
168,12891,2020-08-01,209653.0,955.0,669.857,-6.0
169,12892,2020-08-02,209893.0,240.0,660.571,-7.0
170,12893,2020-08-03,210402.0,509.0,684.7139999999999,-21.0
171,12894,2020-08-04,211281.0,879.0,719.857,-20.0
172,12895,2020-08-05,212022.0,741.0,728.0,-19.0
173,12896,2020-08-06,213067.0,1045.0,748.429,-21.0
174,12897,2020-08-07,214214.0,1147.0,788.0,-22.0
175,12898,2020-08-08,215336.0,1122.0,811.857,-10.0
176,12899,2020-08-09,215891.0,555.0,856.857,-7.0
177,12900,2020-08-10,216327.0,436.0,846.429,-22.0
178,12901,2020-08-11,217293.0,966.0,858.857,-22.0
179,12902,2020-08-12,218519.0,1226.0,928.143,-20.0
180,12903,2020-08-13,219964.0,1445.0,985.2860000000001,-21.0
181,12904,2020-08-14,221413.0,1449.0,1028.4289999999999,-20.0
182,12905,2020-08-15,222828.0,1415.0,1070.286,-10.0
183,12906,2020-08-16,223453.0,625.0,1080.286,-4.0
184,12907,2020-08-17,224014.0,561.0,1098.143,-19.0
185,12908,2020-08-18,225404.0,1390.0,1158.714,-19.0
186,12909,2020-08-19,226914.0,1510.0,1199.286,-17.0
187,12910,2020-08-20,228621.0,1707.0,1236.714,-20.0
188,12911,2020-08-21,230048.0,1427.0,1233.5710000000001,-20.0
189,12912,2020-08-22,232082.0,2034.0,1322.0,-13.0
190,12913,2020-08-23,232864.0,782.0,1344.4289999999999,-6.0
191,12914,2020-08-24,233575.0,711.0,1365.8570000000002,-20.0
192,12915,2020-08-25,234853.0,1278.0,1349.8570000000002,-19.0
193,12916,2020-08-26,236429.0,1576.0,1359.286,-22.0
194,12917,2020-08-27,237936.0,1507.0,1330.714,-17.0
195,12918,2020-08-28,239507.0,1571.0,1351.286,-18.0
196,12919,2020-08-29,240986.0,1479.0,1272.0,-8.0
197,12920,2020-08-30,241771.0,785.0,1272.4289999999999,-12.0
198,12921,2020-08-31,242381.0,610.0,1258.0,-15.0
199,12922,2020-09-01,243599.0,1218.0,1249.4289999999999,-14.0
200,12923,2020-09-02,244855.0,1256.0,1203.714,-14.0
201,12924,2020-09-03,246166.0,1311.0,1175.714,-17.0
202,12925,2020-09-04,247619.0,1453.0,1158.857,-14.0
203,12926,2020-09-05,248997.0,1378.0,1144.4289999999999,-9.0
204,12927,2020-09-06,249985.0,988.0,1173.4289999999999,-4.0
205,12928,2020-09-07,250799.0,814.0,1202.5710000000001,-14.0
206,12929,2020-09-08,252298.0,1499.0,1242.714,-12.0
207,12930,2020-09-09,253474.0,1176.0,1231.286,-13.0
208,12931,2020-09-10,255366.0,1892.0,1314.286,-13.0
209,12932,2020-09-11,256850.0,1484.0,1318.714,-11.0
210,12933,2020-09-12,258480.0,1630.0,1354.714,-3.0
211,12934,2020-09-13,259428.0,948.0,1349.0,4.0
212,12935,2020-09-14,260355.0,927.0,1365.1429999999998,-12.0
213,12936,2020-09-15,261762.0,1407.0,1352.0,-10.0
214,12937,2020-09-16,263663.0,1901.0,1455.5710000000001,-11.0
215,12938,2020-09-17,265857.0,2194.0,1498.714,-12.0
216,12939,2020-09-18,267773.0,1916.0,1560.4289999999999,-11.0
217,12940,2020-09-19,270070.0,2297.0,1655.714,-4.0
218,12941,2020-09-20,271415.0,1345.0,1712.4289999999999,2.0
219,12942,2020-09-21,272337.0,922.0,1711.714,-12.0
220,12943,2020-09-22,274158.0,1821.0,1770.8570000000002,-11.0
221,12944,2020-09-23,275927.0,1769.0,1752.0,-12.0
222,12945,2020-09-24,278070.0,2143.0,1744.714,-14.0
223,12946,2020-09-25,280223.0,2153.0,1778.5710000000001,-16.0
224,12947,2020-09-26,282730.0,2507.0,1808.5710000000001,-21.0
225,12948,2020-09-27,284140.0,1410.0,1817.8570000000002,-15.0
226,12949,2020-09-28,285332.0,1192.0,1856.4289999999999,-15.0
227,12950,2020-09-29,287421.0,2089.0,1894.714,-24.0
228,12951,2020-09-30,289219.0,1798.0,1898.8570000000002,-10.0
229,12952,2020-10-01,291722.0,2503.0,1950.286,-12.0
230,12953,2020-10-02,294395.0,2673.0,2024.5710000000001,-10.0
231,12954,2020-10-03,296958.0,2563.0,2032.5710000000001,-22.0
232,12955,2020-10-04,299237.0,2279.0,2156.714,-5.0
233,12956,2020-10-05,300619.0,1382.0,2183.857,-13.0
234,12957,2020-10-06,303258.0,2639.0,2262.429,-14.0
235,12958,2020-10-07,306086.0,2828.0,2409.571,-16.0
236,12959,2020-10-08,310144.0,4058.0,2631.7140000000004,-21.0
237,12960,2020-10-09,314660.0,4516.0,2895.0,-19.0
238,12961,2020-10-10,319381.0,4721.0,3203.2859999999996,-15.0
239,12962,2020-10-11,322864.0,3483.0,3375.2859999999996,-16.0
240,12963,2020-10-12,325331.0,2467.0,3530.2859999999996,-21.0
241,12964,2020-10-13,329453.0,4122.0,3742.143,-20.0
242,12965,2020-10-14,334585.0,5132.0,4071.2859999999996,-23.0
243,12966,2020-10-15,341223.0,6638.0,4439.857,-25.0
244,12967,2020-10-16,348557.0,7334.0,4842.429,-23.0
245,12968,2020-10-17,356387.0,7830.0,5286.571,-18.0
246,12969,2020-10-18,361974.0,5587.0,5587.143,-20.0
247,12970,2020-10-19,366299.0,4325.0,5852.571,-24.0
248,12971,2020-10-20,373167.0,6868.0,6244.857,-26.0
249,12972,2020-10-21,380762.0,7595.0,6596.714,-23.0
250,12973,2020-10-22,392049.0,11287.0,7260.857,-22.0
251,12974,2020-10-23,403291.0,11242.0,7819.143,-26.0
252,12975,2020-10-24,418005.0,14714.0,8802.571,-21.0
253,12976,2020-10-25,429181.0,11176.0,9601.0,-20.0
254,12977,2020-10-26,437866.0,8685.0,10223.857,-23.0
255,12978,2020-10-27,449275.0,11409.0,10872.571000000002,-20.0
256,12979,2020-10-28,464239.0,14964.0,11925.286,-21.0
257,12980,2020-10-29,481013.0,16774.0,12709.143,-24.0
258,12981,2020-10-30,499694.0,18681.0,13771.857,-24.0
259,12982,2020-10-31,518753.0,19059.0,14392.571000000002,-24.0
260,12983,2020-11-01,532930.0,14177.0,14821.286,-28.0
261,12984,2020-11-02,545027.0,12097.0,15308.714,-24.0
262,12985,2020-11-03,560379.0,15352.0,15872.0,-26.0
