,index,Date,Total_cases,New_cases,New_smoothed,Transits
0,15451,2020-02-14,2.0,0.0,0.14300000000000002,8.0
1,15452,2020-02-15,2.0,0.0,0.14300000000000002,5.0
2,15453,2020-02-16,2.0,0.0,0.14300000000000002,3.0
3,15454,2020-02-17,2.0,0.0,0.0,4.0
4,15455,2020-02-18,2.0,0.0,0.0,2.0
5,15456,2020-02-19,2.0,0.0,0.0,5.0
6,15457,2020-02-20,2.0,0.0,0.0,6.0
7,15458,2020-02-21,2.0,0.0,0.0,14.0
8,15459,2020-02-22,2.0,0.0,0.0,11.0
9,15460,2020-02-23,2.0,0.0,0.0,4.0
10,15461,2020-02-24,2.0,0.0,0.0,3.0
11,15462,2020-02-25,3.0,1.0,0.14300000000000002,1.0
12,15463,2020-02-26,9.0,6.0,1.0,6.0
13,15464,2020-02-27,17.0,8.0,2.1430000000000002,2.0
14,15465,2020-02-28,35.0,18.0,4.7139999999999995,6.0
15,15466,2020-02-29,54.0,19.0,7.428999999999999,5.0
16,15467,2020-03-01,82.0,28.0,11.429,-3.0
17,15468,2020-03-02,136.0,54.0,19.143,1.0
18,15469,2020-03-03,192.0,56.0,27.0,2.0
19,15470,2020-03-04,267.0,75.0,36.857,0.0
20,15471,2020-03-05,348.0,81.0,47.286,0.0
21,15472,2020-03-06,531.0,183.0,70.857,4.0
22,15473,2020-03-07,764.0,233.0,101.429,8.0
23,15474,2020-03-08,1094.0,330.0,144.571,0.0
24,15475,2020-03-09,1527.0,433.0,198.71400000000003,-1.0
25,15476,2020-03-10,2299.0,772.0,301.0,-9.0
26,15477,2020-03-11,3274.0,975.0,429.57099999999997,-16.0
27,15478,2020-03-12,4427.0,1153.0,582.714,-32.0
28,15479,2020-03-13,5958.0,1531.0,775.2860000000001,-52.0
29,15480,2020-03-14,7641.0,1683.0,982.429,-71.0
30,15481,2020-03-15,9785.0,2144.0,1241.5710000000001,-71.0
31,15482,2020-03-16,11491.0,1706.0,1423.4289999999999,-74.0
32,15483,2020-03-17,13994.0,2503.0,1670.714,-76.0
33,15484,2020-03-18,17688.0,3694.0,2059.143,-80.0
34,15485,2020-03-19,21735.0,4047.0,2472.571,-80.0
35,15486,2020-03-20,26304.0,4569.0,2906.571,-84.0
36,15487,2020-03-21,31750.0,5446.0,3444.143,-87.0
37,15488,2020-03-22,36616.0,4866.0,3833.0,-81.0
38,15489,2020-03-23,41262.0,4646.0,4253.0,-81.0
39,15490,2020-03-24,48953.0,7691.0,4994.143,-82.0
40,15491,2020-03-25,57506.0,8553.0,5688.286,-82.0
41,15492,2020-03-26,66460.0,8954.0,6389.286,-83.0
42,15493,2020-03-27,75641.0,9181.0,7048.143,-86.0
43,15494,2020-03-28,83885.0,8244.0,7447.857,-88.0
44,15495,2020-03-29,90309.0,6424.0,7670.429,-84.0
45,15496,2020-03-30,96122.0,5813.0,7837.143,-84.0
46,15497,2020-03-31,104267.0,8145.0,7902.0,-84.0
47,15498,2020-04-01,111680.0,7413.0,7739.143,-84.0
48,15499,2020-04-02,119263.0,7583.0,7543.286,-84.0
49,15500,2020-04-03,126535.0,7272.0,7270.571,-86.0
50,15501,2020-04-04,133198.0,6663.0,7044.714,-89.0
51,15502,2020-04-05,138731.0,5533.0,6917.429,-83.0
52,15503,2020-04-06,142398.0,3667.0,6610.857,-83.0
53,15504,2020-04-07,147607.0,5209.0,6191.429,-82.0
54,15505,2020-04-08,153190.0,5583.0,5930.0,-88.0
55,15506,2020-04-09,158935.0,5745.0,5667.429,-92.0
56,15507,2020-04-10,163472.0,4537.0,5276.714,-84.0
57,15508,2020-04-11,168022.0,4550.0,4974.857,-89.0
58,15509,2020-04-12,171921.0,3899.0,4741.429,-85.0
59,15510,2020-04-13,174951.0,3030.0,4650.429,-79.0
60,15511,2020-04-14,178067.0,3116.0,4351.429,-81.0
61,15512,2020-04-15,182491.0,4424.0,4185.857,-80.0
62,15513,2020-04-16,186311.0,3820.0,3910.857,-81.0
63,15514,2020-04-17,190129.0,3818.0,3808.143,-84.0
64,15515,2020-04-18,193965.0,3836.0,3706.143,-89.0
65,15516,2020-04-19,193252.0,-713.0,3047.2859999999996,-80.0
66,15517,2020-04-20,195470.0,2218.0,2931.2859999999996,-80.0
67,15518,2020-04-21,198421.0,2951.0,2907.7140000000004,-80.0
68,15519,2020-04-22,200733.0,2312.0,2606.0,-80.0
69,15520,2020-04-23,203649.0,2916.0,2476.857,-79.0
70,15521,2020-04-24,205763.0,2114.0,2233.429,-83.0
71,15522,2020-04-25,208269.0,2506.0,2043.4289999999999,-82.0
72,15523,2020-04-26,209910.0,1641.0,2379.714,-76.0
73,15524,2020-04-27,211570.0,1660.0,2300.0,-75.0
74,15525,2020-04-28,213095.0,1525.0,2096.286,-75.0
75,15526,2020-04-29,213942.0,847.0,1887.0,-74.0
76,15527,2020-04-30,215183.0,1241.0,1647.714,-86.0
77,15528,2020-05-01,216570.0,1387.0,1543.8570000000002,-63.0
78,15529,2020-05-02,217804.0,1234.0,1362.1429999999998,-64.0
79,15530,2020-05-03,218739.0,935.0,1261.286,-62.0
80,15531,2020-05-04,219205.0,466.0,1090.714,-61.0
81,15532,2020-05-05,220244.0,1039.0,1021.2860000000001,-61.0
82,15533,2020-05-06,221124.0,880.0,1026.0,-63.0
83,15534,2020-05-07,222045.0,921.0,980.2860000000001,-64.0
84,15535,2020-05-08,223218.0,1173.0,949.7139999999999,-64.0
85,15536,2020-05-09,223961.0,743.0,879.571,-72.0
86,15537,2020-05-10,227377.0,3416.0,1234.0,-57.0
87,15538,2020-05-11,227770.0,393.0,1223.5710000000001,-60.0
88,15539,2020-05-12,228252.0,482.0,1144.0,-58.0
89,15540,2020-05-13,228691.0,439.0,1081.0,-64.0
90,15541,2020-05-14,229540.0,849.0,1070.714,-64.0
91,15542,2020-05-15,230183.0,643.0,995.0,-59.0
92,15543,2020-05-16,230698.0,515.0,962.429,-58.0
93,15544,2020-05-17,231350.0,652.0,567.571,-51.0
94,15545,2020-05-18,231606.0,256.0,548.0,-51.0
95,15546,2020-05-19,232037.0,431.0,540.714,-52.0
96,15547,2020-05-20,232555.0,518.0,552.0,-53.0
97,15548,2020-05-21,233037.0,482.0,499.57099999999997,-53.0
98,15549,2020-05-22,234824.0,1787.0,663.0,-50.0
99,15550,2020-05-23,235290.0,466.0,656.0,-55.0
100,15551,2020-05-24,235772.0,482.0,631.714,-44.0
101,15552,2020-05-25,235400.0,-372.0,542.0,-44.0
102,15553,2020-05-26,236259.0,859.0,603.143,-45.0
103,15554,2020-05-27,236769.0,510.0,602.0,-44.0
104,15555,2020-05-28,237906.0,1137.0,695.571,-46.0
105,15556,2020-05-29,238564.0,658.0,534.286,-37.0
106,15557,2020-05-30,239228.0,664.0,562.571,-49.0
107,15558,2020-05-31,239429.0,201.0,522.429,-42.0
108,15559,2020-06-01,239638.0,209.0,605.429,-40.0
109,15560,2020-06-02,239932.0,294.0,524.714,-42.0
110,15561,2020-06-03,240326.0,394.0,508.14300000000003,-44.0
111,15562,2020-06-04,240660.0,334.0,393.42900000000003,-40.0
112,15563,2020-06-05,240978.0,318.0,344.85699999999997,-35.0
113,15564,2020-06-06,241310.0,332.0,297.42900000000003,-49.0
114,15565,2020-06-07,241550.0,240.0,303.0,-40.0
115,15566,2020-06-08,241717.0,167.0,297.0,-40.0
116,15567,2020-06-09,241966.0,249.0,290.57099999999997,-38.0
117,15568,2020-06-10,242280.0,314.0,279.143,-42.0
118,15569,2020-06-11,242707.0,427.0,292.42900000000003,-40.0
119,15570,2020-06-12,243209.0,502.0,318.714,-32.0
120,15571,2020-06-13,243605.0,396.0,327.85699999999997,-39.0
121,15572,2020-06-14,243928.0,323.0,339.714,-36.0
122,15573,2020-06-15,244109.0,181.0,341.714,-37.0
123,15574,2020-06-16,244328.0,219.0,337.42900000000003,-35.0
124,15575,2020-06-17,244683.0,355.0,343.286,-36.0
125,15576,2020-06-18,245268.0,585.0,365.85699999999997,-36.0
126,15577,2020-06-19,245575.0,307.0,338.0,-30.0
127,15578,2020-06-20,245938.0,363.0,333.286,-35.0
128,15579,2020-06-21,246272.0,334.0,334.85699999999997,-31.0
129,15580,2020-06-22,246504.0,232.0,342.14300000000003,-28.0
130,15581,2020-06-23,246752.0,248.0,346.286,-40.0
131,15582,2020-06-24,247086.0,334.0,343.286,-32.0
132,15583,2020-06-25,247486.0,400.0,316.857,-32.0
133,15584,2020-06-26,247905.0,419.0,332.85699999999997,-29.0
134,15585,2020-06-27,248469.0,564.0,361.57099999999997,-34.0
135,15586,2020-06-28,248770.0,301.0,356.85699999999997,-30.0
136,15587,2020-06-29,248970.0,200.0,352.286,-29.0
137,15588,2020-06-30,249271.0,301.0,359.85699999999997,-29.0
138,15589,2020-07-01,249659.0,388.0,367.57099999999997,-29.0
139,15590,2020-07-02,250103.0,444.0,373.85699999999997,-29.0
140,15591,2020-07-03,250545.0,442.0,377.14300000000003,-26.0
141,15592,2020-07-04,250545.0,0.0,296.57099999999997,-30.0
142,15593,2020-07-05,250545.0,0.0,253.571,-27.0
143,15594,2020-07-06,251789.0,1244.0,402.714,-26.0
144,15595,2020-07-07,252130.0,341.0,408.42900000000003,-27.0
145,15596,2020-07-08,252513.0,383.0,407.714,-27.0
146,15597,2020-07-09,253056.0,543.0,421.85699999999997,-29.0
147,15598,2020-07-10,253908.0,852.0,480.42900000000003,-27.0
148,15599,2020-07-11,253908.0,0.0,480.42900000000003,-31.0
149,15600,2020-07-12,253908.0,0.0,480.42900000000003,-27.0
150,15601,2020-07-13,255953.0,2045.0,594.857,-27.0
151,15602,2020-07-14,256619.0,666.0,641.286,-28.0
152,15603,2020-07-15,257494.0,875.0,711.571,-30.0
153,15604,2020-07-16,258855.0,1361.0,828.429,-31.0
154,15605,2020-07-17,260255.0,1400.0,906.7139999999999,-29.0
155,15606,2020-07-18,260255.0,0.0,906.7139999999999,-33.0
156,15607,2020-07-19,260255.0,0.0,906.7139999999999,-30.0
157,15608,2020-07-20,264836.0,4581.0,1269.0,-30.0
158,15609,2020-07-21,266194.0,1358.0,1367.8570000000002,-31.0
159,15610,2020-07-22,267551.0,1357.0,1436.714,-31.0
160,15611,2020-07-23,270166.0,2615.0,1615.8570000000002,-33.0
161,15612,2020-07-24,272421.0,2255.0,1738.0,-30.0
162,15613,2020-07-25,272421.0,0.0,1738.0,-33.0
163,15614,2020-07-26,272421.0,0.0,1738.0,-31.0
164,15615,2020-07-27,278782.0,6361.0,1992.286,-32.0
165,15616,2020-07-28,280610.0,1828.0,2059.429,-32.0
166,15617,2020-07-29,282641.0,2031.0,2155.714,-32.0
167,15618,2020-07-30,285430.0,2789.0,2180.571,-34.0
168,15619,2020-07-31,288522.0,3092.0,2300.143,-31.0
169,15620,2020-08-01,288522.0,0.0,2300.143,-33.0
170,15621,2020-08-02,288522.0,0.0,2300.143,-31.0
171,15622,2020-08-03,297054.0,8532.0,2610.286,-32.0
172,15623,2020-08-04,302814.0,5760.0,3172.0,-34.0
173,15624,2020-08-05,305767.0,2953.0,3303.7140000000004,-34.0
174,15625,2020-08-06,309855.0,4088.0,3489.2859999999996,-37.0
175,15626,2020-08-07,314362.0,4507.0,3691.429,-33.0
176,15627,2020-08-08,314362.0,0.0,3691.429,-34.0
177,15628,2020-08-09,314362.0,0.0,3691.429,-34.0
178,15629,2020-08-10,322980.0,8618.0,3703.7140000000004,-37.0
179,15630,2020-08-11,326612.0,3632.0,3399.7140000000004,-37.0
180,15631,2020-08-12,329784.0,3172.0,3431.0,-36.0
181,15632,2020-08-13,337334.0,7550.0,3925.571,-38.0
182,15633,2020-08-14,342813.0,5479.0,4064.429,-36.0
183,15634,2020-08-15,342813.0,0.0,4064.429,-34.0
184,15635,2020-08-16,342813.0,0.0,4064.429,-35.0
185,15636,2020-08-17,359082.0,16269.0,5157.429,-36.0
186,15637,2020-08-18,364196.0,5114.0,5369.143,-39.0
187,15638,2020-08-19,370867.0,6671.0,5869.0,-38.0
188,15639,2020-08-20,377906.0,7039.0,5796.0,-40.0
189,15640,2020-08-21,386054.0,8148.0,6177.286,-35.0
190,15641,2020-08-22,386054.0,0.0,6177.286,-36.0
191,15642,2020-08-23,386054.0,0.0,6177.286,-36.0
192,15643,2020-08-24,405436.0,19382.0,6622.0,-36.0
193,15644,2020-08-25,412553.0,7117.0,6908.143,-38.0
194,15645,2020-08-26,419849.0,7296.0,6997.429,-38.0
195,15646,2020-08-27,429507.0,9658.0,7371.571,-40.0
196,15647,2020-08-28,439286.0,9779.0,7604.571,-38.0
197,15648,2020-08-29,439286.0,0.0,7604.571,-35.0
198,15649,2020-08-30,439286.0,0.0,7604.571,-32.0
199,15650,2020-08-31,462858.0,23572.0,8203.143,-30.0
200,15651,2020-09-01,470973.0,8115.0,8345.714,-31.0
201,15652,2020-09-02,479554.0,8581.0,8529.286,-31.0
202,15653,2020-09-03,488513.0,8959.0,8429.429,-32.0
203,15654,2020-09-04,498989.0,10476.0,8529.0,-30.0
204,15655,2020-09-05,498989.0,0.0,8529.0,-33.0
205,15656,2020-09-06,498989.0,0.0,8529.0,-30.0
206,15657,2020-09-07,525549.0,26560.0,8955.857,-30.0
207,15658,2020-09-08,534513.0,8964.0,9077.143,-30.0
208,15659,2020-09-09,543379.0,8866.0,9117.857,-27.0
209,15660,2020-09-10,554143.0,10764.0,9375.714,-33.0
210,15661,2020-09-11,566326.0,12183.0,9619.571,-28.0
211,15662,2020-09-12,566326.0,0.0,9619.571,-31.0
212,15663,2020-09-13,566326.0,0.0,9619.571,-26.0
213,15664,2020-09-14,593730.0,27404.0,9740.143,-26.0
214,15665,2020-09-15,603167.0,9437.0,9807.714,-27.0
215,15666,2020-09-16,614360.0,11193.0,10140.143,-28.0
216,15667,2020-09-17,625651.0,11291.0,10215.429,-30.0
217,15668,2020-09-18,640040.0,14389.0,10530.571000000002,-31.0
218,15669,2020-09-19,640040.0,0.0,10530.571000000002,-33.0
219,15670,2020-09-20,640040.0,0.0,10530.571000000002,-27.0
220,15671,2020-09-21,671468.0,31428.0,11105.428999999998,-24.0
221,15672,2020-09-22,682267.0,10799.0,11300.0,-25.0
222,15673,2020-09-23,693556.0,11289.0,11313.714,-29.0
223,15674,2020-09-24,704209.0,10653.0,11222.571000000002,-27.0
224,15675,2020-09-25,716481.0,12272.0,10920.143,-29.0
225,15676,2020-09-26,716481.0,0.0,10920.143,-33.0
226,15677,2020-09-27,716481.0,0.0,10920.143,-23.0
227,15678,2020-09-28,748266.0,31785.0,10971.143,-22.0
228,15679,2020-09-29,758172.0,9906.0,10843.571000000002,-22.0
229,15680,2020-09-30,769188.0,11016.0,10804.571000000002,-22.0
230,15681,2020-10-01,778607.0,9419.0,10628.286,-24.0
231,15682,2020-10-02,789932.0,11325.0,10493.0,-25.0
232,15683,2020-10-03,789932.0,0.0,10493.0,-32.0
233,15684,2020-10-04,789932.0,0.0,10493.0,-18.0
234,15685,2020-10-05,813412.0,23480.0,9306.571,-18.0
235,15686,2020-10-06,825410.0,11998.0,9605.429,-21.0
236,15687,2020-10-07,835901.0,10491.0,9530.429,-20.0
237,15688,2020-10-08,848324.0,12423.0,9959.571,-21.0
238,15689,2020-10-09,861112.0,12788.0,10168.571,-27.0
239,15690,2020-10-10,861112.0,0.0,10168.571,-31.0
240,15691,2020-10-11,861112.0,0.0,10168.571,-46.0
241,15692,2020-10-12,888968.0,27856.0,10793.714,-19.0
242,15693,2020-10-13,896086.0,7118.0,10096.571,-22.0
243,15694,2020-10-14,908056.0,11970.0,10307.857,-21.0
244,15695,2020-10-15,921374.0,13318.0,10435.714,-21.0
245,15696,2020-10-16,936560.0,15186.0,10778.286,-24.0
246,15697,2020-10-17,936560.0,0.0,10778.286,-30.0
247,15698,2020-10-18,936560.0,0.0,10778.286,-21.0
248,15699,2020-10-19,974449.0,37889.0,12211.571000000002,-25.0
249,15700,2020-10-20,988322.0,13873.0,13176.571000000002,-24.0
250,15701,2020-10-21,1005295.0,16973.0,13891.286,-24.0
251,15702,2020-10-22,1026281.0,20986.0,14986.714,-21.0
252,15703,2020-10-23,1046132.0,19851.0,15653.143,-26.0
253,15704,2020-10-24,1046132.0,0.0,15653.143,-37.0
254,15705,2020-10-25,1046132.0,0.0,15653.143,-23.0
255,15706,2020-10-26,1098320.0,52188.0,17695.857,-22.0
256,15707,2020-10-27,1116738.0,18418.0,18345.143,-24.0
257,15708,2020-10-28,1136503.0,19765.0,18744.0,-23.0
258,15709,2020-10-29,1160083.0,23580.0,19114.571,-26.0
259,15710,2020-10-30,1185678.0,25595.0,19935.143,-32.0
260,15711,2020-10-31,1185678.0,0.0,19935.143,-37.0
261,15712,2020-11-01,1185678.0,0.0,19935.143,-38.0
262,15713,2020-11-02,1240697.0,55019.0,20339.571,-26.0
