,index,Date,Total_cases,New_cases,New_smoothed,Transits
0,17894,2020-02-15,10.0,0.0,0.857,-12.0
1,17895,2020-02-16,10.0,0.0,0.857,-7.0
2,17896,2020-02-17,10.0,0.0,0.28600000000000003,-2.0
3,17897,2020-02-18,10.0,0.0,0.14300000000000002,-3.0
4,17898,2020-02-19,10.0,0.0,0.14300000000000002,-4.0
5,17899,2020-02-20,10.0,0.0,0.0,-5.0
6,17900,2020-02-21,10.0,0.0,0.0,-3.0
7,17901,2020-02-22,10.0,0.0,0.0,-2.0
8,17902,2020-02-23,11.0,1.0,0.14300000000000002,3.0
9,17903,2020-02-24,11.0,0.0,0.14300000000000002,-2.0
10,17904,2020-02-25,11.0,0.0,0.14300000000000002,1.0
11,17905,2020-02-26,13.0,2.0,0.429,-1.0
12,17906,2020-02-27,18.0,5.0,1.143,0.0
13,17907,2020-02-28,22.0,4.0,1.714,0.0
14,17908,2020-02-29,30.0,8.0,2.8569999999999998,-2.0
15,17909,2020-03-01,42.0,12.0,4.428999999999999,5.0
16,17910,2020-03-02,47.0,5.0,5.143,0.0
17,17911,2020-03-03,69.0,22.0,8.286,-1.0
18,17912,2020-03-04,109.0,40.0,13.714,-2.0
19,17913,2020-03-05,164.0,55.0,20.857,-3.0
20,17914,2020-03-06,220.0,56.0,28.285999999999998,1.0
21,17915,2020-03-07,271.0,51.0,34.429,-1.0
22,17916,2020-03-08,352.0,81.0,44.286,2.0
23,17917,2020-03-09,412.0,60.0,52.143,-3.0
24,17918,2020-03-10,469.0,57.0,57.143,-4.0
25,17919,2020-03-11,617.0,148.0,72.571,-6.0
26,17920,2020-03-12,876.0,259.0,101.714,-8.0
27,17921,2020-03-13,1282.0,406.0,151.714,-9.0
28,17922,2020-03-14,1766.0,484.0,213.571,-15.0
29,17923,2020-03-15,2244.0,478.0,270.286,-16.0
30,17924,2020-03-16,2605.0,361.0,313.286,-16.0
31,17925,2020-03-17,3047.0,442.0,368.286,-27.0
32,17926,2020-03-18,3658.0,611.0,434.42900000000003,-34.0
33,17927,2020-03-19,4427.0,769.0,507.286,-37.0
34,17928,2020-03-20,5426.0,999.0,592.0,-40.0
35,17929,2020-03-21,6481.0,1055.0,673.571,-46.0
36,17930,2020-03-22,7736.0,1255.0,784.571,-46.0
37,17931,2020-03-23,8934.0,1198.0,904.143,-53.0
38,17932,2020-03-24,10312.0,1378.0,1037.857,-64.0
39,17933,2020-03-25,12650.0,2338.0,1284.5710000000001,-68.0
40,17934,2020-03-26,15025.0,2375.0,1514.0,-70.0
41,17935,2020-03-27,17717.0,2692.0,1755.8570000000002,-71.0
42,17936,2020-03-28,20804.0,3087.0,2046.1429999999998,-74.0
43,17937,2020-03-29,24001.0,3197.0,2323.571,-75.0
44,17938,2020-03-30,26823.0,2822.0,2555.571,-73.0
45,17939,2020-03-31,29681.0,2858.0,2767.0,-72.0
46,17940,2020-04-01,33954.0,4273.0,3043.429,-73.0
47,17941,2020-04-02,38468.0,4514.0,3349.0,-73.0
48,17942,2020-04-03,43381.0,4913.0,3666.2859999999996,-72.0
49,17943,2020-04-04,48249.0,4868.0,3920.7140000000004,-72.0
50,17944,2020-04-05,53160.0,4911.0,4165.571,-70.0
51,17945,2020-04-06,57180.0,4020.0,4336.714,-72.0
52,17946,2020-04-07,60772.0,3592.0,4441.571,-69.0
53,17947,2020-04-08,66054.0,5282.0,4585.714,-70.0
54,17948,2020-04-09,71504.0,5450.0,4719.429,-70.0
55,17949,2020-04-10,76635.0,5131.0,4750.571,-75.0
56,17950,2020-04-11,81493.0,4858.0,4749.143,-70.0
57,17951,2020-04-12,85806.0,4313.0,4663.714,-71.0
58,17952,2020-04-13,89385.0,3579.0,4600.714,-78.0
59,17953,2020-04-14,92874.0,3489.0,4586.0,-69.0
60,17954,2020-04-15,97052.0,4178.0,4428.286,-69.0
61,17955,2020-04-16,101378.0,4326.0,4267.714,-70.0
62,17956,2020-04-17,106443.0,5065.0,4258.286,-71.0
63,17957,2020-04-18,111735.0,5292.0,4320.286,-71.0
64,17958,2020-04-19,116691.0,4956.0,4412.143,-66.0
65,17959,2020-04-20,121412.0,4721.0,4575.286,-68.0
66,17960,2020-04-21,125265.0,3853.0,4627.286,-67.0
67,17961,2020-04-22,130119.0,4854.0,4723.857,-67.0
68,17962,2020-04-23,134879.0,4760.0,4785.857,-67.0
69,17963,2020-04-24,140366.0,5487.0,4846.143,-66.0
70,17964,2020-04-25,145524.0,5158.0,4827.0,-65.0
71,17965,2020-04-26,150494.0,4970.0,4829.0,-64.0
72,17966,2020-04-27,154242.0,3748.0,4690.0,-66.0
73,17967,2020-04-28,157715.0,3473.0,4635.714,-71.0
74,17968,2020-04-29,162421.0,4706.0,4614.571,-69.0
75,17969,2020-04-30,167150.0,4729.0,4610.143,-69.0
76,17970,2020-05-01,172592.0,5442.0,4603.714,-67.0
77,17971,2020-05-02,177558.0,4966.0,4576.286,-63.0
78,17972,2020-05-03,182295.0,4737.0,4543.0,-64.0
79,17973,2020-05-04,185524.0,3229.0,4468.857,-64.0
80,17974,2020-05-05,188506.0,2982.0,4398.714,-64.0
81,17975,2020-05-06,191895.0,3389.0,4210.571,-62.0
82,17976,2020-05-07,195577.0,3682.0,4061.0,-62.0
83,17977,2020-05-08,199404.0,3827.0,3830.2859999999996,-68.0
84,17978,2020-05-09,203171.0,3767.0,3659.0,-62.0
85,17979,2020-05-10,206234.0,3063.0,3419.857,-68.0
86,17980,2020-05-11,208391.0,2157.0,3266.7140000000004,-64.0
87,17981,2020-05-12,210720.0,2329.0,3173.429,-62.0
88,17982,2020-05-13,214306.0,3586.0,3201.571,-62.0
89,17983,2020-05-14,217708.0,3402.0,3161.571,-61.0
90,17984,2020-05-15,221015.0,3307.0,3087.2859999999996,-60.0
91,17985,2020-05-16,223643.0,2628.0,2924.571,-58.0
92,17986,2020-05-17,226169.0,2526.0,2847.857,-55.0
93,17987,2020-05-18,228248.0,2079.0,2836.7140000000004,-59.0
94,17988,2020-05-19,230086.0,1838.0,2766.571,-57.0
95,17989,2020-05-20,232675.0,2589.0,2624.143,-56.0
96,17990,2020-05-21,235727.0,3052.0,2574.143,-58.0
97,17991,2020-05-22,238445.0,2718.0,2490.0,-59.0
98,17992,2020-05-23,241019.0,2574.0,2482.286,-59.0
99,17993,2020-05-24,243081.0,2062.0,2416.0,-52.0
100,17994,2020-05-25,244608.0,1527.0,2337.143,-60.0
101,17995,2020-05-26,245972.0,1364.0,2269.429,-55.0
102,17996,2020-05-27,247596.0,1624.0,2131.571,-55.0
103,17997,2020-05-28,249268.0,1672.0,1934.4289999999999,-55.0
104,17998,2020-05-29,251103.0,1835.0,1808.286,-53.0
105,17999,2020-05-30,252863.0,1760.0,1692.0,-49.0
106,18000,2020-05-31,254390.0,1527.0,1615.5710000000001,-45.0
107,18001,2020-06-01,255515.0,1125.0,1558.1429999999998,-51.0
108,18002,2020-06-02,256594.0,1079.0,1517.4289999999999,-51.0
109,18003,2020-06-03,258035.0,1441.0,1491.286,-57.0
110,18004,2020-06-04,259519.0,1484.0,1464.4289999999999,-56.0
111,18005,2020-06-05,260875.0,1356.0,1396.0,-56.0
112,18006,2020-06-06,262118.0,1243.0,1322.1429999999998,-57.0
113,18007,2020-06-07,263238.0,1120.0,1264.0,-51.0
114,18008,2020-06-08,264039.0,801.0,1217.714,-54.0
115,18009,2020-06-09,264760.0,721.0,1166.5710000000001,-53.0
116,18010,2020-06-10,265859.0,1099.0,1117.714,-58.0
117,18011,2020-06-11,267017.0,1158.0,1071.143,-58.0
118,18012,2020-06-12,268216.0,1199.0,1048.714,-57.0
119,18013,2020-06-13,269233.0,1017.0,1016.429,-49.0
120,18014,2020-06-14,270285.0,1052.0,1006.7139999999999,-46.0
121,18015,2020-06-15,271175.0,890.0,1019.429,-50.0
122,18016,2020-06-16,271997.0,822.0,1033.857,-51.0
123,18017,2020-06-17,273040.0,1043.0,1025.857,-52.0
124,18018,2020-06-18,274142.0,1102.0,1017.857,-56.0
125,18019,2020-06-19,275155.0,1013.0,991.2860000000001,-52.0
126,18020,2020-06-20,276182.0,1027.0,992.7139999999999,-43.0
127,18021,2020-06-21,277168.0,986.0,983.2860000000001,-44.0
128,18022,2020-06-22,277855.0,687.0,954.2860000000001,-49.0
129,18023,2020-06-23,278494.0,639.0,928.143,-48.0
130,18024,2020-06-24,279390.0,896.0,907.143,-47.0
131,18025,2020-06-25,280276.0,886.0,876.2860000000001,-47.0
132,18026,2020-06-26,281054.0,778.0,842.7139999999999,-48.0
133,18027,2020-06-27,281775.0,721.0,799.0,-49.0
134,18028,2020-06-28,282446.0,671.0,754.0,-46.0
135,18029,2020-06-29,283095.0,649.0,748.571,-50.0
136,18030,2020-06-30,283541.0,446.0,721.0,-50.0
137,18031,2020-07-01,284271.0,730.0,697.2860000000001,-49.0
138,18032,2020-07-02,284888.0,617.0,658.857,-49.0
139,18033,2020-07-03,285539.0,651.0,640.714,-49.0
140,18034,2020-07-04,286141.0,602.0,623.714,-41.0
141,18035,2020-07-05,286720.0,579.0,610.571,-37.0
142,18036,2020-07-06,287121.0,401.0,575.143,-43.0
143,18037,2020-07-07,287676.0,555.0,590.714,-45.0
144,18038,2020-07-08,288380.0,704.0,587.0,-47.0
145,18039,2020-07-09,288977.0,597.0,584.143,-46.0
146,18040,2020-07-10,289670.0,693.0,590.143,-40.0
147,18041,2020-07-11,290385.0,715.0,606.286,-32.0
148,18042,2020-07-12,290950.0,565.0,604.286,-27.0
149,18043,2020-07-13,291392.0,442.0,610.143,-42.0
150,18044,2020-07-14,291753.0,361.0,582.429,-43.0
151,18045,2020-07-15,292479.0,726.0,585.571,-47.0
152,18046,2020-07-16,293164.0,685.0,598.143,-45.0
153,18047,2020-07-17,293936.0,772.0,609.429,-41.0
154,18048,2020-07-18,294640.0,704.0,607.857,-35.0
155,18049,2020-07-19,295209.0,569.0,608.429,-32.0
156,18050,2020-07-20,295702.0,493.0,615.714,-42.0
157,18051,2020-07-21,296115.0,413.0,623.143,-43.0
158,18052,2020-07-22,296908.0,793.0,632.714,-44.0
159,18053,2020-07-23,297659.0,751.0,642.143,-45.0
160,18054,2020-07-24,298432.0,773.0,642.286,-40.0
161,18055,2020-07-25,299163.0,731.0,646.143,-37.0
162,18056,2020-07-26,299830.0,667.0,660.143,-30.0
163,18057,2020-07-27,300251.0,421.0,649.857,-46.0
164,18058,2020-07-28,300622.0,371.0,643.857,-42.0
165,18059,2020-07-29,300692.0,70.0,540.571,-41.0
166,18060,2020-07-30,301455.0,763.0,542.286,-41.0
167,18061,2020-07-31,302301.0,846.0,552.714,-37.0
168,18062,2020-08-01,303181.0,880.0,574.0,-30.0
169,18063,2020-08-02,303952.0,771.0,588.857,-27.0
170,18064,2020-08-03,304695.0,743.0,634.857,-39.0
171,18065,2020-08-04,305623.0,928.0,714.429,-42.0
172,18066,2020-08-05,306293.0,670.0,800.143,-43.0
173,18067,2020-08-06,307184.0,891.0,818.429,-42.0
174,18068,2020-08-07,308134.0,950.0,833.2860000000001,-39.0
175,18069,2020-08-08,309005.0,871.0,832.0,-31.0
176,18070,2020-08-09,309763.0,758.0,830.143,-27.0
177,18071,2020-08-10,310825.0,1062.0,875.7139999999999,-40.0
178,18072,2020-08-11,311641.0,816.0,859.7139999999999,-41.0
179,18073,2020-08-12,312789.0,1148.0,928.0,-42.0
180,18074,2020-08-13,313798.0,1009.0,944.857,-43.0
181,18075,2020-08-14,314927.0,1129.0,970.429,-39.0
182,18076,2020-08-15,316367.0,1440.0,1051.714,-33.0
183,18077,2020-08-16,317444.0,1077.0,1097.286,-32.0
184,18078,2020-08-17,318484.0,1040.0,1094.143,-41.0
185,18079,2020-08-18,319197.0,713.0,1079.4289999999999,-41.0
186,18080,2020-08-19,320286.0,1089.0,1071.0,-44.0
187,18081,2020-08-20,321098.0,812.0,1042.857,-40.0
188,18082,2020-08-21,322280.0,1182.0,1050.4289999999999,-40.0
189,18083,2020-08-22,323313.0,1033.0,992.2860000000001,-32.0
190,18084,2020-08-23,324601.0,1288.0,1022.429,-29.0
191,18085,2020-08-24,325642.0,1041.0,1022.571,-38.0
192,18086,2020-08-25,326614.0,972.0,1059.5710000000001,-45.0
193,18087,2020-08-26,327798.0,1184.0,1073.143,-38.0
194,18088,2020-08-27,328846.0,1048.0,1106.857,-42.0
195,18089,2020-08-28,330368.0,1522.0,1155.4289999999999,-37.0
196,18090,2020-08-29,331644.0,1276.0,1190.143,-29.0
197,18091,2020-08-30,332752.0,1108.0,1164.4289999999999,-23.0
198,18092,2020-08-31,334467.0,1715.0,1260.714,-43.0
199,18093,2020-09-01,335873.0,1406.0,1322.714,-37.0
200,18094,2020-09-02,337168.0,1295.0,1338.5710000000001,-41.0
201,18095,2020-09-03,338676.0,1508.0,1404.286,-40.0
202,18096,2020-09-04,340411.0,1735.0,1434.714,-35.0
203,18097,2020-09-05,342351.0,1940.0,1529.5710000000001,-30.0
204,18098,2020-09-06,344164.0,1813.0,1630.286,-27.0
205,18099,2020-09-07,347152.0,2988.0,1812.1429999999998,-36.0
206,18100,2020-09-08,350100.0,2948.0,2032.4289999999999,-35.0
207,18101,2020-09-09,352560.0,2460.0,2198.857,-36.0
208,18102,2020-09-10,355219.0,2659.0,2363.286,-36.0
209,18103,2020-09-11,358138.0,2919.0,2532.429,-32.0
210,18104,2020-09-12,361677.0,3539.0,2760.857,-28.0
211,18105,2020-09-13,365174.0,3497.0,3001.429,-24.0
212,18106,2020-09-14,368504.0,3330.0,3050.2859999999996,-32.0
213,18107,2020-09-15,371125.0,2621.0,3003.571,-34.0
214,18108,2020-09-16,374228.0,3103.0,3095.429,-35.0
215,18109,2020-09-17,378219.0,3991.0,3285.7140000000004,-35.0
216,18110,2020-09-18,381614.0,3395.0,3353.7140000000004,-32.0
217,18111,2020-09-19,385936.0,4322.0,3465.571,-29.0
218,18112,2020-09-20,390358.0,4422.0,3597.7140000000004,-26.0
219,18113,2020-09-21,394257.0,3899.0,3679.0,-34.0
220,18114,2020-09-22,398625.0,4368.0,3928.571,-36.0
221,18115,2020-09-23,403551.0,4926.0,4189.0,-40.0
222,18116,2020-09-24,409729.0,6178.0,4501.429,-41.0
223,18117,2020-09-25,416363.0,6634.0,4964.143,-37.0
224,18118,2020-09-26,423236.0,6873.0,5328.571,-34.0
225,18119,2020-09-27,429277.0,6041.0,5559.857,-32.0
226,18120,2020-09-28,434969.0,5692.0,5816.0,-38.0
227,18121,2020-09-29,439013.0,4044.0,5769.714,-38.0
228,18122,2020-09-30,446156.0,7143.0,6086.429,-40.0
229,18123,2020-10-01,453264.0,7108.0,6219.286,-39.0
230,18124,2020-10-02,460178.0,6914.0,6259.286,-37.0
231,18125,2020-10-03,467146.0,6968.0,6272.857,-40.0
232,18126,2020-10-04,480017.0,12871.0,7248.571,-38.0
233,18127,2020-10-05,502978.0,22961.0,9715.571,-37.0
234,18128,2020-10-06,515571.0,12593.0,10936.857,-38.0
235,18129,2020-10-07,530113.0,14542.0,11993.857,-38.0
236,18130,2020-10-08,544275.0,14162.0,13001.571000000002,-41.0
237,18131,2020-10-09,561815.0,17540.0,14519.571000000002,-37.0
238,18132,2020-10-10,575679.0,13864.0,15504.714,-37.0
239,18133,2020-10-11,590844.0,15165.0,15832.428999999998,-33.0
240,18134,2020-10-12,603716.0,12872.0,14391.143,-40.0
241,18135,2020-10-13,617688.0,13972.0,14588.143,-41.0
242,18136,2020-10-14,634920.0,17232.0,14972.428999999998,-40.0
243,18137,2020-10-15,654644.0,19724.0,15767.0,-40.0
244,18138,2020-10-16,673622.0,18978.0,15972.428999999998,-37.0
245,18139,2020-10-17,689257.0,15635.0,16225.428999999998,-40.0
246,18140,2020-10-18,705428.0,16171.0,16369.143,-38.0
247,18141,2020-10-19,722409.0,16981.0,16956.143,-41.0
248,18142,2020-10-20,741212.0,18803.0,17646.286,-41.0
249,18143,2020-10-21,762542.0,21330.0,18231.714,-44.0
250,18144,2020-10-22,789229.0,26687.0,19226.429,-42.0
251,18145,2020-10-23,810467.0,21238.0,19549.286,-41.0
252,18146,2020-10-24,830998.0,20531.0,20248.714,-44.0
253,18147,2020-10-25,854010.0,23012.0,21226.0,-39.0
254,18148,2020-10-26,873800.0,19790.0,21627.286,-44.0
255,18149,2020-10-27,894690.0,20890.0,21925.429,-47.0
256,18150,2020-10-28,917575.0,22885.0,22147.571,-45.0
257,18151,2020-10-29,942275.0,24700.0,21863.714,-48.0
258,18152,2020-10-30,965340.0,23065.0,22124.714,-43.0
259,18153,2020-10-31,989745.0,24405.0,22678.142999999996,-44.0
260,18154,2020-11-01,1011660.0,21915.0,22521.429,-40.0
261,18155,2020-11-02,1034914.0,23254.0,23016.286,-40.0
262,18156,2020-11-03,1053864.0,18950.0,22739.142999999996,-39.0
