,index,Date,Total_cases,New_cases,New_smoothed,Transits
0,25089,2020-02-15,3.0,0.0,0.0,9.0
1,25090,2020-02-16,3.0,0.0,0.0,11.0
2,25091,2020-02-17,3.0,0.0,0.0,3.0
3,25092,2020-02-18,3.0,0.0,0.0,4.0
4,25093,2020-02-19,3.0,0.0,0.0,3.0
5,25094,2020-02-20,3.0,0.0,0.0,5.0
6,25095,2020-02-21,3.0,0.0,0.0,5.0
7,25096,2020-02-22,17.0,14.0,2.0,8.0
8,25097,2020-02-23,79.0,62.0,10.857000000000001,6.0
9,25098,2020-02-24,132.0,53.0,18.429000000000002,-15.0
10,25099,2020-02-25,229.0,97.0,32.286,-18.0
11,25100,2020-02-26,322.0,93.0,45.571000000000005,-23.0
12,25101,2020-02-27,400.0,78.0,56.714,-22.0
13,25102,2020-02-28,650.0,250.0,92.429,-20.0
14,25103,2020-02-29,888.0,238.0,124.429,-16.0
15,25104,2020-03-01,1128.0,240.0,149.857,-26.0
16,25105,2020-03-02,1689.0,561.0,222.429,-25.0
17,25106,2020-03-03,2036.0,347.0,258.143,-21.0
18,25107,2020-03-04,2502.0,466.0,311.42900000000003,-19.0
19,25108,2020-03-05,3089.0,587.0,384.14300000000003,-28.0
20,25109,2020-03-06,3858.0,769.0,458.286,-29.0
21,25110,2020-03-07,4636.0,778.0,535.429,-24.0
22,25111,2020-03-08,5883.0,1247.0,679.2860000000001,-27.0
23,25112,2020-03-09,7375.0,1492.0,812.2860000000001,-42.0
24,25113,2020-03-10,9172.0,1797.0,1019.429,-51.0
25,25114,2020-03-11,10149.0,977.0,1092.4289999999999,-57.0
26,25115,2020-03-12,12462.0,2313.0,1339.0,-67.0
27,25116,2020-03-13,15113.0,2651.0,1607.8570000000002,-71.0
28,25117,2020-03-14,17660.0,2547.0,1860.5710000000001,-76.0
29,25118,2020-03-15,21157.0,3497.0,2182.0,-80.0
30,25119,2020-03-16,23980.0,2823.0,2372.143,-74.0
31,25120,2020-03-17,27980.0,4000.0,2686.857,-76.0
32,25121,2020-03-18,31506.0,3526.0,3051.0,-77.0
33,25122,2020-03-19,35713.0,4207.0,3321.571,-78.0
34,25123,2020-03-20,41035.0,5322.0,3703.143,-78.0
35,25124,2020-03-21,47021.0,5986.0,4194.429,-80.0
36,25125,2020-03-22,53578.0,6557.0,4631.571,-87.0
37,25126,2020-03-23,59138.0,5560.0,5022.571,-81.0
38,25127,2020-03-24,63927.0,4789.0,5135.286,-81.0
39,25128,2020-03-25,69176.0,5249.0,5381.429,-82.0
40,25129,2020-03-26,74386.0,5210.0,5524.714,-83.0
41,25130,2020-03-27,80539.0,6153.0,5643.429,-82.0
42,25131,2020-03-28,86498.0,5959.0,5639.571,-82.0
43,25132,2020-03-29,92472.0,5974.0,5556.286,-87.0
44,25133,2020-03-30,97689.0,5217.0,5507.286,-81.0
45,25134,2020-03-31,101739.0,4050.0,5401.714,-79.0
46,25135,2020-04-01,105792.0,4053.0,5230.857,-79.0
47,25136,2020-04-02,110574.0,4782.0,5169.714,-79.0
48,25137,2020-04-03,115242.0,4668.0,4957.571,-79.0
49,25138,2020-04-04,119827.0,4585.0,4761.286,-80.0
50,25139,2020-04-05,124632.0,4805.0,4594.286,-86.0
51,25140,2020-04-06,128948.0,4316.0,4465.571,-78.0
52,25141,2020-04-07,132547.0,3599.0,4401.143,-78.0
53,25142,2020-04-08,135586.0,3039.0,4256.286,-78.0
54,25143,2020-04-09,139422.0,3836.0,4121.143,-78.0
55,25144,2020-04-10,143626.0,4204.0,4054.857,-77.0
56,25145,2020-04-11,147577.0,3951.0,3964.2859999999996,-78.0
57,25146,2020-04-12,152271.0,4694.0,3948.429,-88.0
58,25147,2020-04-13,156363.0,4092.0,3916.429,-91.0
59,25148,2020-04-14,159516.0,3153.0,3852.7140000000004,-77.0
60,25149,2020-04-15,162488.0,2972.0,3843.143,-76.0
61,25150,2020-04-16,165155.0,2667.0,3676.143,-76.0
62,25151,2020-04-17,168941.0,3786.0,3616.429,-76.0
63,25152,2020-04-18,172434.0,3493.0,3551.0,-77.0
64,25153,2020-04-19,175925.0,3491.0,3379.143,-84.0
65,25154,2020-04-20,178972.0,3047.0,3229.857,-79.0
66,25155,2020-04-21,181228.0,2256.0,3101.7140000000004,-77.0
67,25156,2020-04-22,183957.0,2729.0,3067.0,-76.0
68,25157,2020-04-23,187327.0,3370.0,3167.429,-75.0
69,25158,2020-04-24,189973.0,2646.0,3004.571,-73.0
70,25159,2020-04-25,192994.0,3021.0,2937.143,-83.0
71,25160,2020-04-26,195351.0,2357.0,2775.143,-81.0
72,25161,2020-04-27,197675.0,2324.0,2671.857,-72.0
73,25162,2020-04-28,199414.0,1739.0,2598.0,-74.0
74,25163,2020-04-29,201505.0,2091.0,2506.857,-72.0
75,25164,2020-04-30,203591.0,2086.0,2323.429,-71.0
76,25165,2020-05-01,205463.0,1872.0,2212.857,-86.0
77,25166,2020-05-02,207428.0,1965.0,2062.0,-70.0
78,25167,2020-05-03,209328.0,1900.0,1996.714,-76.0
79,25168,2020-05-04,210717.0,1389.0,1863.1429999999998,-57.0
80,25169,2020-05-05,211938.0,1221.0,1789.1429999999998,-58.0
81,25170,2020-05-06,213013.0,1075.0,1644.0,-58.0
82,25171,2020-05-07,214457.0,1444.0,1552.286,-58.0
83,25172,2020-05-08,215858.0,1401.0,1485.0,-58.0
84,25173,2020-05-09,217185.0,1327.0,1393.8570000000002,-52.0
85,25174,2020-05-10,218268.0,1083.0,1277.143,-57.0
86,25175,2020-05-11,219070.0,802.0,1193.286,-61.0
87,25176,2020-05-12,219814.0,744.0,1125.143,-56.0
88,25177,2020-05-13,221216.0,1402.0,1171.857,-59.0
89,25178,2020-05-14,222104.0,888.0,1092.4289999999999,-56.0
90,25179,2020-05-15,223096.0,992.0,1034.0,-58.0
91,25180,2020-05-16,223885.0,789.0,957.143,-53.0
92,25181,2020-05-17,224760.0,875.0,927.429,-52.0
93,25182,2020-05-18,225435.0,675.0,909.2860000000001,-48.0
94,25183,2020-05-19,225886.0,451.0,867.429,-50.0
95,25184,2020-05-20,226699.0,813.0,783.2860000000001,-48.0
96,25185,2020-05-21,227364.0,665.0,751.429,-46.0
97,25186,2020-05-22,228006.0,642.0,701.429,-46.0
98,25187,2020-05-23,228658.0,652.0,681.857,-35.0
99,25188,2020-05-24,229327.0,669.0,652.429,-35.0
100,25189,2020-05-25,229858.0,531.0,631.857,-45.0
101,25190,2020-05-26,230158.0,300.0,610.286,-44.0
102,25191,2020-05-27,230555.0,397.0,550.857,-43.0
103,25192,2020-05-28,231139.0,584.0,539.286,-43.0
104,25193,2020-05-29,231732.0,593.0,532.286,-45.0
105,25194,2020-05-30,232248.0,516.0,512.857,-32.0
106,25195,2020-05-31,232664.0,416.0,476.714,-32.0
107,25196,2020-06-01,233019.0,355.0,451.57099999999997,-37.0
108,25197,2020-06-02,233197.0,178.0,434.14300000000003,-46.0
109,25198,2020-06-03,233515.0,318.0,422.85699999999997,-37.0
110,25199,2020-06-04,233836.0,321.0,385.286,-44.0
111,25200,2020-06-05,234013.0,177.0,325.857,-40.0
112,25201,2020-06-06,234531.0,518.0,326.143,-25.0
113,25202,2020-06-07,234801.0,270.0,305.286,-36.0
114,25203,2020-06-08,234998.0,197.0,282.714,-42.0
115,25204,2020-06-09,235278.0,280.0,297.286,-38.0
116,25205,2020-06-10,235561.0,283.0,292.286,-39.0
117,25206,2020-06-11,235763.0,202.0,275.286,-39.0
118,25207,2020-06-12,236142.0,379.0,304.143,-34.0
119,25208,2020-06-13,236305.0,163.0,253.429,-26.0
120,25209,2020-06-14,236651.0,346.0,264.286,-23.0
121,25210,2020-06-15,236989.0,338.0,284.42900000000003,-36.0
122,25211,2020-06-16,237290.0,301.0,287.42900000000003,-34.0
123,25212,2020-06-17,237500.0,210.0,277.0,-34.0
124,25213,2020-06-18,237828.0,328.0,295.0,-33.0
125,25214,2020-06-19,238159.0,331.0,288.143,-31.0
126,25215,2020-06-20,238011.0,-148.0,243.71400000000003,-16.0
127,25216,2020-06-21,238275.0,264.0,232.0,-16.0
128,25217,2020-06-22,238499.0,224.0,215.71400000000003,-31.0
129,25218,2020-06-23,238720.0,221.0,204.28599999999997,-29.0
130,25219,2020-06-24,238833.0,113.0,190.429,-30.0
131,25220,2020-06-25,239410.0,577.0,226.0,-29.0
132,25221,2020-06-26,239706.0,296.0,221.0,-27.0
133,25222,2020-06-27,239961.0,255.0,278.57099999999997,-15.0
134,25223,2020-06-28,240136.0,175.0,265.857,-14.0
135,25224,2020-06-29,240310.0,174.0,258.714,-31.0
136,25225,2020-06-30,240436.0,126.0,245.143,-29.0
137,25226,2020-07-01,240578.0,142.0,249.28599999999997,-28.0
138,25227,2020-07-02,240760.0,182.0,192.857,-28.0
139,25228,2020-07-03,240961.0,201.0,179.28599999999997,-29.0
140,25229,2020-07-04,241184.0,223.0,174.71400000000003,-15.0
141,25230,2020-07-05,241419.0,235.0,183.28599999999997,-12.0
142,25231,2020-07-06,241611.0,192.0,185.857,-27.0
143,25232,2020-07-07,241819.0,208.0,197.571,-26.0
144,25233,2020-07-08,241956.0,137.0,196.857,-26.0
145,25234,2020-07-09,242149.0,193.0,198.429,-26.0
146,25235,2020-07-10,242363.0,214.0,200.28599999999997,-25.0
147,25236,2020-07-11,242639.0,276.0,207.857,-15.0
148,25237,2020-07-12,242827.0,188.0,201.143,-9.0
149,25238,2020-07-13,243061.0,234.0,207.143,-25.0
150,25239,2020-07-14,243230.0,169.0,201.571,-25.0
151,25240,2020-07-15,243344.0,114.0,198.28599999999997,-27.0
152,25241,2020-07-16,243506.0,162.0,193.857,-25.0
153,25242,2020-07-17,243736.0,230.0,196.143,-25.0
154,25243,2020-07-18,243967.0,231.0,189.71400000000003,-10.0
155,25244,2020-07-19,244216.0,249.0,198.429,-6.0
156,25245,2020-07-20,244434.0,218.0,196.143,-25.0
157,25246,2020-07-21,244624.0,190.0,199.143,-25.0
158,25247,2020-07-22,244752.0,128.0,201.143,-26.0
159,25248,2020-07-23,245032.0,280.0,218.0,-25.0
160,25249,2020-07-24,245338.0,306.0,228.857,-26.0
161,25250,2020-07-25,245590.0,252.0,231.857,-8.0
162,25251,2020-07-26,245864.0,274.0,235.429,-5.0
163,25252,2020-07-27,246118.0,254.0,240.571,-23.0
164,25253,2020-07-28,246286.0,168.0,237.429,-24.0
165,25254,2020-07-29,246488.0,202.0,248.0,-24.0
166,25255,2020-07-30,246776.0,288.0,249.143,-25.0
167,25256,2020-07-31,247158.0,382.0,260.0,-23.0
168,25257,2020-08-01,247537.0,379.0,278.143,-10.0
169,25258,2020-08-02,247832.0,295.0,281.143,-9.0
170,25259,2020-08-03,248070.0,238.0,278.857,-26.0
171,25260,2020-08-04,248229.0,159.0,277.57099999999997,-24.0
172,25261,2020-08-05,248419.0,190.0,275.857,-24.0
173,25262,2020-08-06,248803.0,384.0,289.57099999999997,-23.0
174,25263,2020-08-07,249204.0,401.0,292.286,-22.0
175,25264,2020-08-08,249756.0,552.0,317.0,-5.0
176,25265,2020-08-09,250103.0,347.0,324.42900000000003,-1.0
177,25266,2020-08-10,250566.0,463.0,356.57099999999997,-22.0
178,25267,2020-08-11,250825.0,259.0,370.85699999999997,-24.0
179,25268,2020-08-12,251237.0,412.0,402.57099999999997,-25.0
180,25269,2020-08-13,251713.0,476.0,415.714,-24.0
181,25270,2020-08-14,252235.0,522.0,433.0,-24.0
182,25271,2020-08-15,252809.0,574.0,436.14300000000003,-17.0
183,25272,2020-08-16,253438.0,629.0,476.42900000000003,0.0
184,25273,2020-08-17,253915.0,477.0,478.42900000000003,-22.0
185,25274,2020-08-18,254235.0,320.0,487.14300000000003,-24.0
186,25275,2020-08-19,254636.0,401.0,485.57099999999997,-25.0
187,25276,2020-08-20,255278.0,642.0,509.286,-25.0
188,25277,2020-08-21,256118.0,840.0,554.714,-26.0
189,25278,2020-08-22,257065.0,947.0,608.0,-9.0
190,25279,2020-08-23,258136.0,1071.0,671.143,-5.0
191,25280,2020-08-24,259345.0,1209.0,775.7139999999999,-26.0
192,25281,2020-08-25,260298.0,953.0,866.143,-26.0
193,25282,2020-08-26,261174.0,876.0,934.0,-27.0
194,25283,2020-08-27,262540.0,1366.0,1037.4289999999999,-27.0
195,25284,2020-08-28,263949.0,1409.0,1118.714,-27.0
196,25285,2020-08-29,265409.0,1460.0,1192.0,-17.0
197,25286,2020-08-30,266853.0,1444.0,1245.286,-11.0
198,25287,2020-08-31,268218.0,1365.0,1267.5710000000001,-28.0
199,25288,2020-09-01,269214.0,996.0,1273.714,-23.0
200,25289,2020-09-02,270189.0,975.0,1287.857,-26.0
201,25290,2020-09-03,271515.0,1326.0,1282.143,-24.0
202,25291,2020-09-04,272912.0,1397.0,1280.4289999999999,-23.0
203,25292,2020-09-05,274644.0,1732.0,1319.286,-10.0
204,25293,2020-09-06,276338.0,1694.0,1355.0,-4.0
205,25294,2020-09-07,277634.0,1296.0,1345.1429999999998,-24.0
206,25295,2020-09-08,278784.0,1150.0,1367.1429999999998,-21.0
207,25296,2020-09-09,280153.0,1369.0,1423.4289999999999,-22.0
208,25297,2020-09-10,281583.0,1430.0,1438.286,-21.0
209,25298,2020-09-11,283180.0,1597.0,1466.8570000000002,-20.0
210,25299,2020-09-12,284796.0,1616.0,1450.286,-7.0
211,25300,2020-09-13,286297.0,1501.0,1422.714,-4.0
212,25301,2020-09-14,287753.0,1456.0,1445.5710000000001,-18.0
213,25302,2020-09-15,288761.0,1008.0,1425.286,-16.0
214,25303,2020-09-16,289990.0,1229.0,1405.286,-16.0
215,25304,2020-09-17,291442.0,1452.0,1408.4289999999999,-16.0
216,25305,2020-09-18,293025.0,1583.0,1406.4289999999999,-15.0
217,25306,2020-09-19,294932.0,1907.0,1448.0,-7.0
218,25307,2020-09-20,296569.0,1637.0,1467.4289999999999,-4.0
219,25308,2020-09-21,298156.0,1587.0,1486.1429999999998,-19.0
220,25309,2020-09-22,299506.0,1350.0,1535.0,-19.0
221,25310,2020-09-23,300897.0,1391.0,1558.1429999999998,-17.0
222,25311,2020-09-24,302537.0,1640.0,1585.0,-17.0
223,25312,2020-09-25,304323.0,1786.0,1614.0,-19.0
224,25313,2020-09-26,306235.0,1912.0,1614.714,-10.0
225,25314,2020-09-27,308104.0,1869.0,1647.8570000000002,-17.0
226,25315,2020-09-28,309870.0,1766.0,1673.4289999999999,-19.0
227,25316,2020-09-29,311364.0,1494.0,1694.0,-14.0
228,25317,2020-09-30,313011.0,1647.0,1730.5710000000001,-13.0
229,25318,2020-10-01,314861.0,1850.0,1760.5710000000001,-14.0
230,25319,2020-10-02,317409.0,2548.0,1869.4289999999999,-16.0
231,25320,2020-10-03,319908.0,2499.0,1953.286,-10.0
232,25321,2020-10-04,322751.0,2843.0,2092.429,-10.0
233,25322,2020-10-05,325329.0,2578.0,2208.429,-14.0
234,25323,2020-10-06,327586.0,2257.0,2317.429,-13.0
235,25324,2020-10-07,330263.0,2677.0,2464.571,-15.0
236,25325,2020-10-08,333940.0,3677.0,2725.571,-14.0
237,25326,2020-10-09,338398.0,4458.0,2998.429,-13.0
238,25327,2020-10-10,343770.0,5372.0,3408.857,-7.0
239,25328,2020-10-11,349494.0,5724.0,3820.429,-25.0
240,25329,2020-10-12,354950.0,5456.0,4231.571,-19.0
241,25330,2020-10-13,359569.0,4619.0,4569.0,-16.0
242,25331,2020-10-14,365467.0,5898.0,5029.143,-19.0
243,25332,2020-10-15,372799.0,7332.0,5551.286,-24.0
244,25333,2020-10-16,381602.0,8803.0,6172.0,-19.0
245,25334,2020-10-17,391611.0,10009.0,6834.429,-14.0
246,25335,2020-10-18,402536.0,10925.0,7577.429,-15.0
247,25336,2020-10-19,414241.0,11705.0,8470.143,-21.0
248,25337,2020-10-20,423578.0,9337.0,9144.143,-21.0
249,25338,2020-10-21,434449.0,10871.0,9854.571,-22.0
250,25339,2020-10-22,449648.0,15199.0,10978.428999999998,-22.0
251,25340,2020-10-23,465726.0,16078.0,12017.714,-28.0
252,25341,2020-10-24,484869.0,19143.0,13322.571000000002,-25.0
253,25342,2020-10-25,504509.0,19640.0,14567.571000000002,-26.0
254,25343,2020-10-26,525782.0,21273.0,15934.428999999998,-32.0
255,25344,2020-10-27,542789.0,17007.0,17030.143,-29.0
256,25345,2020-10-28,564778.0,21989.0,18618.429,-30.0
257,25346,2020-10-29,589766.0,24988.0,20016.857,-32.0
258,25347,2020-10-30,616595.0,26829.0,21552.714,-31.0
259,25348,2020-10-31,647674.0,31079.0,23257.857000000004,-27.0
260,25349,2020-11-01,679430.0,31756.0,24988.714,-33.0
261,25350,2020-11-02,709335.0,29905.0,26221.857000000004,-36.0
262,25351,2020-11-03,731588.0,22253.0,26971.286,-35.0
