,index,Date,Total_cases,New_cases,New_smoothed,Transits
0,26105,2020-02-15,38.0,8.0,1.857,1.0
1,26106,2020-02-16,52.0,14.0,3.8569999999999998,-10.0
2,26107,2020-02-17,59.0,7.0,4.857,-1.0
3,26108,2020-02-18,59.0,0.0,4.857,-2.0
4,26109,2020-02-19,66.0,7.0,5.857,-3.0
5,26110,2020-02-20,84.0,18.0,7.857,-3.0
6,26111,2020-02-21,93.0,9.0,9.0,-2.0
7,26112,2020-02-22,105.0,12.0,9.571,-3.0
8,26113,2020-02-23,132.0,27.0,11.429,2.0
9,26114,2020-02-24,144.0,12.0,12.142999999999999,-27.0
10,26115,2020-02-25,144.0,0.0,12.142999999999999,-2.0
11,26116,2020-02-26,164.0,20.0,14.0,-5.0
12,26117,2020-02-27,186.0,22.0,14.571,-7.0
13,26118,2020-02-28,210.0,24.0,16.714000000000002,-10.0
14,26119,2020-02-29,230.0,20.0,17.857,-21.0
15,26120,2020-03-01,239.0,9.0,15.286,-23.0
16,26121,2020-03-02,254.0,15.0,15.714,-15.0
17,26122,2020-03-03,254.0,0.0,15.714,-15.0
18,26123,2020-03-04,268.0,14.0,14.857000000000001,-19.0
19,26124,2020-03-05,317.0,49.0,18.714000000000002,-18.0
20,26125,2020-03-06,349.0,32.0,19.857,-18.0
21,26126,2020-03-07,408.0,59.0,25.429000000000002,-24.0
22,26127,2020-03-08,455.0,47.0,30.857,-31.0
23,26128,2020-03-09,488.0,33.0,33.429,-15.0
24,26129,2020-03-10,514.0,26.0,37.143,-18.0
25,26130,2020-03-11,568.0,54.0,42.857,-16.0
26,26131,2020-03-12,619.0,51.0,43.143,-15.0
27,26132,2020-03-13,675.0,56.0,46.571000000000005,-17.0
28,26133,2020-03-14,737.0,62.0,47.0,-27.0
29,26134,2020-03-15,780.0,43.0,46.428999999999995,-21.0
30,26135,2020-03-16,814.0,34.0,46.571000000000005,-15.0
31,26136,2020-03-17,824.0,10.0,44.286,-15.0
32,26137,2020-03-18,829.0,5.0,37.286,-14.0
33,26138,2020-03-19,873.0,44.0,36.286,-10.0
34,26139,2020-03-20,950.0,77.0,39.286,-34.0
35,26140,2020-03-21,1007.0,57.0,38.571,-15.0
36,26141,2020-03-22,1046.0,39.0,38.0,-18.0
37,26142,2020-03-23,1089.0,43.0,39.286,-13.0
38,26143,2020-03-24,1128.0,39.0,43.428999999999995,-13.0
39,26144,2020-03-25,1193.0,65.0,52.0,-11.0
40,26145,2020-03-26,1268.0,75.0,56.428999999999995,-13.0
41,26146,2020-03-27,1364.0,96.0,59.143,-19.0
42,26147,2020-03-28,1499.0,135.0,70.286,-33.0
43,26148,2020-03-29,1693.0,194.0,92.429,-41.0
44,26149,2020-03-30,1866.0,173.0,111.0,-20.0
45,26150,2020-03-31,1953.0,87.0,117.85700000000001,-20.0
46,26151,2020-04-01,1953.0,0.0,108.571,-25.0
47,26152,2020-04-02,2178.0,225.0,130.0,-23.0
48,26153,2020-04-03,2617.0,439.0,179.0,-25.0
49,26154,2020-04-04,2935.0,318.0,205.143,-35.0
50,26155,2020-04-05,3271.0,336.0,225.429,-43.0
51,26156,2020-04-06,3654.0,383.0,255.429,-24.0
52,26157,2020-04-07,3906.0,252.0,279.0,-27.0
53,26158,2020-04-08,4257.0,351.0,329.14300000000003,-34.0
54,26159,2020-04-09,4768.0,511.0,370.0,-36.0
55,26160,2020-04-10,5347.0,579.0,390.0,-38.0
56,26161,2020-04-11,6005.0,658.0,438.57099999999997,-48.0
57,26162,2020-04-12,6748.0,743.0,496.714,-58.0
58,26163,2020-04-13,7255.0,507.0,514.429,-45.0
59,26164,2020-04-14,7645.0,390.0,534.143,-41.0
60,26165,2020-04-15,8100.0,455.0,549.0,-41.0
61,26166,2020-04-16,8582.0,482.0,544.857,-43.0
62,26167,2020-04-17,9167.0,585.0,545.714,-46.0
63,26168,2020-04-18,9795.0,628.0,541.429,-60.0
64,26169,2020-04-19,10361.0,566.0,516.143,-53.0
65,26170,2020-04-20,10751.0,390.0,499.42900000000003,-47.0
66,26171,2020-04-21,11118.0,367.0,496.14300000000003,-46.0
67,26172,2020-04-22,11496.0,378.0,485.14300000000003,-48.0
68,26173,2020-04-23,11772.0,276.0,455.714,-48.0
69,26174,2020-04-24,12240.0,468.0,439.0,-48.0
70,26175,2020-04-25,12892.0,652.0,442.42900000000003,-53.0
71,26176,2020-04-26,13182.0,290.0,403.0,-58.0
72,26177,2020-04-27,13385.0,203.0,376.286,-47.0
73,26178,2020-04-28,13576.0,191.0,351.14300000000003,-46.0
74,26179,2020-04-29,13852.0,276.0,336.57099999999997,-64.0
75,26180,2020-04-30,14088.0,236.0,330.85699999999997,-47.0
76,26181,2020-05-01,14281.0,193.0,291.57099999999997,-50.0
77,26182,2020-05-02,14544.0,263.0,236.0,-55.0
78,26183,2020-05-03,14839.0,295.0,236.71400000000003,-58.0
79,26184,2020-05-04,15057.0,218.0,238.857,-67.0
80,26185,2020-05-05,15231.0,174.0,236.429,-65.0
81,26186,2020-05-06,15354.0,123.0,214.571,-69.0
82,26187,2020-05-07,15463.0,109.0,196.429,-44.0
83,26188,2020-05-08,15547.0,84.0,180.857,-45.0
84,26189,2020-05-09,15628.0,81.0,154.857,-51.0
85,26190,2020-05-10,15747.0,119.0,129.714,-56.0
86,26191,2020-05-11,15798.0,51.0,105.85700000000001,-42.0
87,26192,2020-05-12,15874.0,76.0,91.85700000000001,-43.0
88,26193,2020-05-13,16024.0,150.0,95.714,-44.0
89,26194,2020-05-14,16079.0,55.0,88.0,-44.0
90,26195,2020-05-15,16193.0,114.0,92.286,-44.0
91,26196,2020-05-16,16237.0,44.0,87.0,-55.0
92,26197,2020-05-17,16285.0,48.0,76.857,-48.0
93,26198,2020-05-18,16305.0,20.0,72.429,-42.0
94,26199,2020-05-19,16365.0,60.0,70.143,-43.0
95,26200,2020-05-20,16385.0,20.0,51.571000000000005,-41.0
96,26201,2020-05-21,16424.0,39.0,49.286,-41.0
97,26202,2020-05-22,16513.0,89.0,45.714,-41.0
98,26203,2020-05-23,16536.0,23.0,42.714,-43.0
99,26204,2020-05-24,16550.0,14.0,37.857,-42.0
100,26205,2020-05-25,16581.0,31.0,39.429,-35.0
101,26206,2020-05-26,16623.0,42.0,36.857,-36.0
102,26207,2020-05-27,16651.0,28.0,38.0,-35.0
103,26208,2020-05-28,16651.0,0.0,32.429,-34.0
104,26209,2020-05-29,16719.0,68.0,29.429000000000002,-34.0
105,26210,2020-05-30,16804.0,85.0,38.286,-34.0
106,26211,2020-05-31,16851.0,47.0,43.0,-39.0
107,26212,2020-06-01,16884.0,33.0,43.286,-26.0
108,26213,2020-06-02,16930.0,46.0,43.857,-27.0
109,26214,2020-06-03,16986.0,56.0,47.857,-28.0
110,26215,2020-06-04,17018.0,32.0,52.428999999999995,-28.0
111,26216,2020-06-05,17064.0,46.0,49.286,-29.0
112,26217,2020-06-06,17103.0,39.0,42.714,-31.0
113,26218,2020-06-07,17141.0,38.0,41.428999999999995,-32.0
114,26219,2020-06-08,17174.0,33.0,41.428999999999995,-26.0
115,26220,2020-06-09,17210.0,36.0,40.0,-26.0
116,26221,2020-06-10,17251.0,41.0,37.857,-26.0
117,26222,2020-06-11,17292.0,41.0,39.143,-28.0
118,26223,2020-06-12,17332.0,40.0,38.286,-27.0
119,26224,2020-06-13,17382.0,50.0,39.857,-35.0
120,26225,2020-06-14,17429.0,47.0,41.143,-36.0
121,26226,2020-06-15,17502.0,73.0,46.857,-23.0
122,26227,2020-06-16,17587.0,85.0,53.857,-23.0
123,26228,2020-06-17,17628.0,41.0,53.857,-23.0
124,26229,2020-06-18,17668.0,40.0,53.714,-25.0
125,26230,2020-06-19,17740.0,72.0,58.286,-26.0
126,26231,2020-06-20,17799.0,59.0,59.571000000000005,-21.0
127,26232,2020-06-21,17799.0,0.0,52.857,-24.0
128,26233,2020-06-22,17916.0,117.0,59.143,-22.0
129,26234,2020-06-23,17968.0,52.0,54.428999999999995,-20.0
130,26235,2020-06-24,18027.0,59.0,57.0,-21.0
131,26236,2020-06-25,18110.0,83.0,63.143,-20.0
132,26237,2020-06-26,18197.0,87.0,65.286,-21.0
133,26238,2020-06-27,18297.0,100.0,71.143,-20.0
134,26239,2020-06-28,18390.0,93.0,84.429,-28.0
135,26240,2020-06-29,18476.0,86.0,80.0,-19.0
136,26241,2020-06-30,18593.0,117.0,89.286,-21.0
137,26242,2020-07-01,18723.0,130.0,99.429,-21.0
138,26243,2020-07-02,18874.0,151.0,109.14299999999999,-19.0
139,26244,2020-07-03,19068.0,194.0,124.429,-21.0
140,26245,2020-07-04,19282.0,214.0,140.714,-27.0
141,26246,2020-07-05,19522.0,240.0,161.714,-28.0
142,26247,2020-07-06,19775.0,253.0,185.571,-22.0
143,26248,2020-07-07,19981.0,206.0,198.28599999999997,-22.0
144,26249,2020-07-08,20174.0,193.0,207.28599999999997,-22.0
145,26250,2020-07-09,20371.0,197.0,213.857,-21.0
146,26251,2020-07-10,20719.0,348.0,235.857,-22.0
147,26252,2020-07-11,21129.0,410.0,263.857,-27.0
148,26253,2020-07-12,21502.0,373.0,282.857,-27.0
149,26254,2020-07-13,21868.0,366.0,299.0,-20.0
150,26255,2020-07-14,22220.0,352.0,319.857,-22.0
151,26256,2020-07-15,22508.0,288.0,333.42900000000003,-20.0
152,26257,2020-07-16,22890.0,382.0,359.85699999999997,-20.0
153,26258,2020-07-17,23473.0,583.0,393.42900000000003,-22.0
154,26259,2020-07-18,24132.0,659.0,429.0,-26.0
155,26260,2020-07-19,24642.0,510.0,448.57099999999997,-28.0
156,26261,2020-07-20,25096.0,454.0,461.14300000000003,-20.0
157,26262,2020-07-21,25736.0,640.0,502.286,-19.0
158,26263,2020-07-22,26303.0,567.0,542.143,-16.0
159,26264,2020-07-23,27029.0,726.0,591.286,-39.0
160,26265,2020-07-24,27956.0,927.0,640.429,-42.0
161,26266,2020-07-25,28786.0,830.0,664.857,-28.0
162,26267,2020-07-26,29382.0,596.0,677.143,-29.0
163,26268,2020-07-27,29989.0,607.0,699.0,-20.0
164,26269,2020-07-28,29989.0,0.0,607.571,-21.0
165,26270,2020-07-29,31333.0,1344.0,718.571,-22.0
166,26271,2020-07-30,32459.0,1126.0,775.7139999999999,-22.0
167,26272,2020-07-31,33774.0,1315.0,831.143,-23.0
168,26273,2020-08-01,34372.0,598.0,798.0,-26.0
169,26274,2020-08-02,36081.0,1709.0,957.0,-29.0
170,26275,2020-08-03,38072.0,1991.0,1154.714,-22.0
171,26276,2020-08-04,39858.0,1786.0,1409.8570000000002,-22.0
172,26277,2020-08-05,41129.0,1271.0,1399.4289999999999,-23.0
173,26278,2020-08-06,42263.0,1134.0,1400.5710000000001,-23.0
174,26279,2020-08-07,43815.0,1552.0,1434.4289999999999,-24.0
175,26280,2020-08-08,45439.0,1624.0,1581.0,-25.0
176,26281,2020-08-09,46783.0,1344.0,1528.8570000000002,-23.0
177,26282,2020-08-10,47990.0,1207.0,1416.8570000000002,-42.0
178,26283,2020-08-11,48238.0,248.0,1197.143,-28.0
179,26284,2020-08-12,49512.0,1274.0,1197.5710000000001,-29.0
180,26285,2020-08-13,50444.0,932.0,1168.714,-32.0
181,26286,2020-08-14,51513.0,1069.0,1099.714,-34.0
182,26287,2020-08-15,53577.0,2064.0,1162.5710000000001,-29.0
183,26288,2020-08-16,54714.0,1137.0,1133.0,-30.0
184,26289,2020-08-17,54952.0,238.0,994.571,-26.0
185,26290,2020-08-18,55958.0,1006.0,1102.857,-25.0
186,26291,2020-08-19,57550.0,1592.0,1148.286,-25.0
187,26292,2020-08-20,58501.0,951.0,1151.0,-26.0
188,26293,2020-08-21,59721.0,1220.0,1172.5710000000001,-27.0
189,26294,2020-08-22,60733.0,1012.0,1022.2860000000001,-28.0
190,26295,2020-08-23,61747.0,1014.0,1004.7139999999999,-31.0
191,26296,2020-08-24,61754.0,7.0,971.7139999999999,-24.0
192,26297,2020-08-25,63121.0,1367.0,1023.2860000000001,-22.0
193,26298,2020-08-26,63822.0,701.0,896.0,-23.0
194,26299,2020-08-27,64668.0,846.0,881.0,-24.0
195,26300,2020-08-28,65573.0,905.0,836.0,-25.0
196,26301,2020-08-29,66423.0,850.0,812.857,-26.0
197,26302,2020-08-30,67264.0,841.0,788.143,-29.0
198,26303,2020-08-31,67865.0,601.0,873.0,-23.0
199,26304,2020-09-01,68392.0,527.0,753.0,-22.0
200,26305,2020-09-02,69001.0,609.0,739.857,-25.0
201,26306,2020-09-03,69599.0,598.0,704.429,-24.0
202,26307,2020-09-04,70268.0,669.0,670.7139999999999,-24.0
203,26308,2020-09-05,70876.0,608.0,636.143,-27.0
204,26309,2020-09-06,71419.0,543.0,593.571,-35.0
205,26310,2020-09-07,71856.0,437.0,570.143,-29.0
206,26311,2020-09-08,72234.0,378.0,548.857,-21.0
207,26312,2020-09-09,72726.0,492.0,532.143,-22.0
208,26313,2020-09-10,73221.0,495.0,517.429,-20.0
209,26314,2020-09-11,73901.0,680.0,519.0,-21.0
210,26315,2020-09-12,74544.0,643.0,524.0,-25.0
211,26316,2020-09-13,75218.0,674.0,542.714,-25.0
212,26317,2020-09-14,75657.0,439.0,543.0,-19.0
213,26318,2020-09-15,75958.0,301.0,532.0,-17.0
214,26319,2020-09-16,76448.0,490.0,531.714,-18.0
215,26320,2020-09-17,77009.0,561.0,541.143,-19.0
216,26321,2020-09-18,77494.0,485.0,513.286,-19.0
217,26322,2020-09-19,78073.0,579.0,504.14300000000003,-12.0
218,26323,2020-09-20,78657.0,584.0,491.286,-7.0
219,26324,2020-09-21,78657.0,0.0,428.57099999999997,-25.0
220,26325,2020-09-22,79438.0,781.0,497.14300000000003,-34.0
221,26326,2020-09-23,79768.0,330.0,474.286,-18.0
222,26327,2020-09-24,80041.0,273.0,433.14300000000003,-22.0
223,26328,2020-09-25,80497.0,456.0,429.0,-19.0
224,26329,2020-09-26,81055.0,558.0,426.0,-20.0
225,26330,2020-09-27,81690.0,635.0,433.286,-20.0
226,26331,2020-09-28,82131.0,441.0,496.286,-15.0
227,26332,2020-09-29,82494.0,363.0,436.57099999999997,-16.0
228,26333,2020-09-30,83010.0,516.0,463.14300000000003,-16.0
229,26334,2020-10-01,83010.0,0.0,424.14300000000003,-18.0
230,26335,2020-10-02,84215.0,1205.0,531.143,-19.0
231,26336,2020-10-03,84768.0,553.0,530.429,-17.0
232,26337,2020-10-04,85339.0,571.0,521.286,-18.0
233,26338,2020-10-05,85739.0,400.0,515.429,-17.0
234,26339,2020-10-06,86047.0,308.0,507.57099999999997,-16.0
235,26340,2020-10-07,86543.0,496.0,504.714,-17.0
236,26341,2020-10-08,87020.0,477.0,572.857,-20.0
237,26342,2020-10-09,87639.0,619.0,489.14300000000003,-21.0
238,26343,2020-10-10,88233.0,594.0,495.0,-30.0
239,26344,2020-10-11,88912.0,679.0,510.42900000000003,-18.0
240,26345,2020-10-12,89347.0,435.0,515.429,-17.0
241,26346,2020-10-13,89673.0,326.0,518.0,-16.0
242,26347,2020-10-14,90140.0,467.0,513.857,-16.0
243,26348,2020-10-15,90710.0,570.0,527.143,-15.0
244,26349,2020-10-16,91431.0,721.0,541.714,-16.0
245,26350,2020-10-17,92063.0,632.0,547.143,-20.0
246,26351,2020-10-18,92656.0,593.0,534.857,-11.0
247,26352,2020-10-19,93127.0,471.0,540.0,-16.0
248,26353,2020-10-20,93480.0,353.0,543.857,-15.0
249,26354,2020-10-21,93933.0,453.0,541.857,-15.0
250,26355,2020-10-22,94524.0,591.0,544.857,-17.0
251,26356,2020-10-23,95138.0,614.0,529.571,-18.0
252,26357,2020-10-24,95835.0,697.0,538.857,-11.0
253,26358,2020-10-25,96534.0,699.0,554.0,-9.0
254,26359,2020-10-26,97074.0,540.0,563.857,-15.0
255,26360,2020-10-27,97498.0,424.0,574.0,-15.0
256,26361,2020-10-28,98116.0,618.0,597.571,-16.0
257,26362,2020-10-29,98852.0,736.0,618.286,-16.0
258,26363,2020-10-30,99622.0,770.0,640.571,-17.0
259,26364,2020-10-31,100392.0,770.0,651.0,-11.0
260,26365,2020-11-01,101146.0,754.0,658.857,-12.0
261,26366,2020-11-02,101813.0,667.0,677.0,-17.0
262,26367,2020-11-03,102281.0,468.0,683.2860000000001,-36.0
