,index,Date,Total_cases,New_cases,New_smoothed,Transits
0,27655,2020-02-15,28.0,0.0,0.5710000000000001,-6
1,27656,2020-02-16,29.0,1.0,0.5710000000000001,-15
2,27657,2020-02-17,30.0,1.0,0.429,-6
3,27658,2020-02-18,31.0,1.0,0.429,-3
4,27659,2020-02-19,46.0,15.0,2.571,-4
5,27660,2020-02-20,80.0,34.0,7.428999999999999,-6
6,27661,2020-02-21,155.0,75.0,18.143,-10
7,27662,2020-02-22,345.0,190.0,45.286,-24
8,27663,2020-02-23,601.0,256.0,81.714,-25
9,27664,2020-02-24,762.0,161.0,104.571,-15
10,27665,2020-02-25,892.0,130.0,123.0,-26
11,27666,2020-02-26,1146.0,254.0,157.143,-22
12,27667,2020-02-27,1595.0,449.0,216.429,-24
13,27668,2020-02-28,2022.0,427.0,266.714,-30
14,27669,2020-02-29,2931.0,909.0,369.42900000000003,-32
15,27670,2020-03-01,3526.0,595.0,417.85699999999997,-36
16,27671,2020-03-02,4212.0,686.0,492.85699999999997,-20
17,27672,2020-03-03,4812.0,600.0,560.0,-21
18,27673,2020-03-04,5328.0,516.0,597.429,-25
19,27674,2020-03-05,5766.0,438.0,595.857,-25
20,27675,2020-03-06,6284.0,518.0,608.857,-22
21,27676,2020-03-07,6767.0,483.0,548.0,-29
22,27677,2020-03-08,7134.0,367.0,515.429,-24
23,27678,2020-03-09,7382.0,248.0,452.85699999999997,-17
24,27679,2020-03-10,7513.0,131.0,385.85699999999997,-25
25,27680,2020-03-11,7755.0,242.0,346.714,-18
26,27681,2020-03-12,7869.0,114.0,300.42900000000003,-20
27,27682,2020-03-13,7979.0,110.0,242.143,-20
28,27683,2020-03-14,8086.0,107.0,188.429,-22
29,27684,2020-03-15,8162.0,76.0,146.857,-29
30,27685,2020-03-16,8236.0,74.0,122.0,-16
31,27686,2020-03-17,8320.0,84.0,115.286,-17
32,27687,2020-03-18,8413.0,93.0,94.0,-16
33,27688,2020-03-19,8565.0,152.0,99.429,-25
34,27689,2020-03-20,8652.0,87.0,96.14299999999999,-17
35,27690,2020-03-21,8799.0,147.0,101.85700000000001,-18
36,27691,2020-03-22,8897.0,98.0,105.0,-17
37,27692,2020-03-23,8961.0,64.0,103.571,-13
38,27693,2020-03-24,9037.0,76.0,102.429,-13
39,27694,2020-03-25,9137.0,100.0,103.429,-14
40,27695,2020-03-26,9241.0,104.0,96.571,-21
41,27696,2020-03-27,9332.0,91.0,97.14299999999999,-20
42,27697,2020-03-28,9478.0,146.0,97.0,-20
43,27698,2020-03-29,9583.0,105.0,98.0,-17
44,27699,2020-03-30,9661.0,78.0,100.0,-12
45,27700,2020-03-31,9786.0,125.0,107.0,-10
46,27701,2020-04-01,9786.0,0.0,92.714,-15
47,27702,2020-04-02,9976.0,190.0,105.0,-15
48,27703,2020-04-03,10062.0,86.0,104.286,-13
49,27704,2020-04-04,10156.0,94.0,96.85700000000001,-16
50,27705,2020-04-05,10237.0,81.0,93.429,-14
51,27706,2020-04-06,10284.0,47.0,89.0,-9
52,27707,2020-04-07,10331.0,47.0,77.857,-10
53,27708,2020-04-08,10384.0,53.0,85.429,-13
54,27709,2020-04-09,10423.0,39.0,63.857,-14
55,27710,2020-04-10,10450.0,27.0,55.428999999999995,-12
56,27711,2020-04-11,10450.0,0.0,42.0,-13
57,27712,2020-04-12,10512.0,62.0,39.286,-20
58,27713,2020-04-13,10537.0,25.0,36.143,-9
59,27714,2020-04-14,10564.0,27.0,33.286,-4
60,27715,2020-04-15,10591.0,27.0,29.570999999999998,-16
61,27716,2020-04-16,10613.0,22.0,27.143,-13
62,27717,2020-04-17,10635.0,22.0,26.429000000000002,-20
63,27718,2020-04-18,10653.0,18.0,29.0,-10
64,27719,2020-04-19,10661.0,8.0,21.285999999999998,-24
65,27720,2020-04-20,10674.0,13.0,19.570999999999998,-11
66,27721,2020-04-21,10683.0,9.0,17.0,-11
67,27722,2020-04-22,10694.0,11.0,14.714,-15
68,27723,2020-04-23,10702.0,8.0,12.714,-14
69,27724,2020-04-24,10708.0,6.0,10.429,-10
70,27725,2020-04-25,10718.0,10.0,9.286,-10
71,27726,2020-04-26,10728.0,10.0,9.571,-5
72,27727,2020-04-27,10738.0,10.0,9.142999999999999,-6
73,27728,2020-04-28,10752.0,14.0,9.857000000000001,-3
74,27729,2020-04-29,10761.0,9.0,9.571,2
75,27730,2020-04-30,10765.0,4.0,9.0,-6
76,27731,2020-05-01,10774.0,9.0,9.429,-10
77,27732,2020-05-02,10780.0,6.0,8.857000000000001,-4
78,27733,2020-05-03,10793.0,13.0,9.286,-2
79,27734,2020-05-04,10801.0,8.0,9.0,1
80,27735,2020-05-05,10804.0,3.0,7.428999999999999,-14
81,27736,2020-05-06,10806.0,2.0,6.428999999999999,-4
82,27737,2020-05-07,10810.0,4.0,6.428999999999999,-4
83,27738,2020-05-08,10822.0,12.0,6.857,-1
84,27739,2020-05-09,10840.0,18.0,8.571,-20
85,27740,2020-05-10,10874.0,34.0,11.571,-4
86,27741,2020-05-11,10909.0,35.0,15.429,-2
87,27742,2020-05-12,10936.0,27.0,18.857,-3
88,27743,2020-05-13,10962.0,26.0,22.285999999999998,-4
89,27744,2020-05-14,10991.0,29.0,25.857,-6
90,27745,2020-05-15,11018.0,27.0,28.0,-15
91,27746,2020-05-16,11037.0,19.0,28.143,-8
92,27747,2020-05-17,11050.0,13.0,25.143,-2
93,27748,2020-05-18,11065.0,15.0,22.285999999999998,-9
94,27749,2020-05-19,11078.0,13.0,20.285999999999998,-8
95,27750,2020-05-20,11110.0,32.0,21.143,-3
96,27751,2020-05-21,11122.0,12.0,18.714000000000002,-5
97,27752,2020-05-22,11142.0,20.0,17.714000000000002,-4
98,27753,2020-05-23,11165.0,23.0,18.285999999999998,-2
99,27754,2020-05-24,11190.0,25.0,20.0,-5
100,27755,2020-05-25,11206.0,16.0,20.143,-1
101,27756,2020-05-26,11225.0,19.0,21.0,-3
102,27757,2020-05-27,11265.0,40.0,22.143,-2
103,27758,2020-05-28,11344.0,79.0,31.714000000000002,-5
104,27759,2020-05-29,11402.0,58.0,37.143,-3
105,27760,2020-05-30,11441.0,39.0,39.429,-5
106,27761,2020-05-31,11468.0,27.0,39.714,-4
107,27762,2020-06-01,11503.0,35.0,42.428999999999995,-1
108,27763,2020-06-02,11541.0,38.0,45.143,-4
109,27764,2020-06-03,11590.0,49.0,46.428999999999995,-3
110,27765,2020-06-04,11629.0,39.0,40.714,-5
111,27766,2020-06-05,11668.0,39.0,38.0,-2
112,27767,2020-06-06,11719.0,51.0,39.714,-7
113,27768,2020-06-07,11776.0,57.0,44.0,-3
114,27769,2020-06-08,11814.0,38.0,44.428999999999995,-1
115,27770,2020-06-09,11852.0,38.0,44.428999999999995,-2
116,27771,2020-06-10,11902.0,50.0,44.571000000000005,-5
117,27772,2020-06-11,11947.0,45.0,45.428999999999995,-7
118,27773,2020-06-12,12003.0,56.0,47.857,-5
119,27774,2020-06-13,12051.0,48.0,47.428999999999995,-11
120,27775,2020-06-14,12084.0,33.0,44.0,-9
121,27776,2020-06-15,12121.0,37.0,43.857,-1
122,27777,2020-06-16,12155.0,34.0,43.286,-1
123,27778,2020-06-17,12198.0,43.0,42.286,-3
124,27779,2020-06-18,12257.0,59.0,44.286,-9
125,27780,2020-06-19,12306.0,49.0,43.286,-3
126,27781,2020-06-20,12373.0,67.0,46.0,-5
127,27782,2020-06-21,12421.0,48.0,48.143,-4
128,27783,2020-06-22,12438.0,17.0,45.286,-2
129,27784,2020-06-23,12484.0,46.0,47.0,-1
130,27785,2020-06-24,12535.0,51.0,48.143,-12
131,27786,2020-06-25,12563.0,28.0,43.714,-10
132,27787,2020-06-26,12602.0,39.0,42.286,-3
133,27788,2020-06-27,12653.0,51.0,40.0,-5
134,27789,2020-06-28,12715.0,62.0,42.0,-4
135,27790,2020-06-29,12757.0,42.0,45.571000000000005,-5
136,27791,2020-06-30,12800.0,43.0,45.143,-7
137,27792,2020-07-01,12850.0,50.0,45.0,-4
138,27793,2020-07-02,12904.0,54.0,48.714,-6
139,27794,2020-07-03,12967.0,63.0,52.143,-5
140,27795,2020-07-04,13030.0,63.0,53.857,-7
141,27796,2020-07-05,13091.0,61.0,53.714,-5
142,27797,2020-07-06,13091.0,0.0,47.714,-3
143,27798,2020-07-07,13181.0,90.0,54.428999999999995,-2
144,27799,2020-07-08,13244.0,63.0,56.286,-5
145,27800,2020-07-09,13293.0,49.0,55.571000000000005,-7
146,27801,2020-07-10,13338.0,45.0,53.0,-8
147,27802,2020-07-11,13373.0,35.0,49.0,-7
148,27803,2020-07-12,13417.0,44.0,46.571000000000005,-12
149,27804,2020-07-13,13479.0,62.0,55.428999999999995,-14
150,27805,2020-07-14,13512.0,33.0,47.286,-5
151,27806,2020-07-15,13551.0,39.0,43.857,-5
152,27807,2020-07-16,13612.0,61.0,45.571000000000005,-6
153,27808,2020-07-17,13672.0,60.0,47.714,-5
154,27809,2020-07-18,13711.0,39.0,48.286,-7
155,27810,2020-07-19,13745.0,34.0,46.857,-15
156,27811,2020-07-20,13771.0,26.0,41.714,-7
157,27812,2020-07-21,13816.0,45.0,43.428999999999995,-3
158,27813,2020-07-22,13879.0,63.0,46.857,-11
159,27814,2020-07-23,13938.0,59.0,46.571000000000005,-18
160,27815,2020-07-24,13979.0,41.0,43.857,-10
161,27816,2020-07-25,14092.0,113.0,54.428999999999995,-10
162,27817,2020-07-26,14150.0,58.0,57.857,-5
163,27818,2020-07-27,14175.0,25.0,57.714,-8
164,27819,2020-07-28,14203.0,28.0,55.286,-7
165,27820,2020-07-29,14251.0,48.0,53.143,-12
166,27821,2020-07-30,14269.0,18.0,47.286,-9
167,27822,2020-07-31,14305.0,36.0,46.571000000000005,-3
168,27823,2020-08-01,14336.0,31.0,34.857,-11
169,27824,2020-08-02,14336.0,0.0,26.570999999999998,-12
170,27825,2020-08-03,14389.0,53.0,30.570999999999998,-6
171,27826,2020-08-04,14423.0,34.0,31.429000000000002,-4
172,27827,2020-08-05,14456.0,33.0,29.285999999999998,-8
173,27828,2020-08-06,14499.0,43.0,32.857,-11
174,27829,2020-08-07,14519.0,20.0,30.570999999999998,-9
175,27830,2020-08-08,14562.0,43.0,32.286,-19
176,27831,2020-08-09,14598.0,36.0,37.429,-21
177,27832,2020-08-10,14626.0,28.0,33.857,-11
178,27833,2020-08-11,14660.0,34.0,33.857,-7
179,27834,2020-08-12,14714.0,54.0,36.857,-5
180,27835,2020-08-13,14770.0,56.0,38.714,-6
181,27836,2020-08-14,14873.0,103.0,50.571000000000005,-4
182,27837,2020-08-15,15039.0,166.0,68.143,-13
183,27838,2020-08-16,15318.0,279.0,102.85700000000001,-3
184,27839,2020-08-17,15515.0,197.0,127.0,-13
185,27840,2020-08-18,15761.0,246.0,157.286,-6
186,27841,2020-08-19,16058.0,297.0,192.0,-10
187,27842,2020-08-20,16346.0,288.0,225.143,-14
188,27843,2020-08-21,16670.0,324.0,256.714,-14
189,27844,2020-08-22,17002.0,332.0,280.42900000000003,-24
190,27845,2020-08-23,17399.0,397.0,297.286,-21
191,27846,2020-08-24,17665.0,266.0,307.143,-12
192,27847,2020-08-25,17945.0,280.0,312.0,-12
193,27848,2020-08-26,18265.0,320.0,315.286,-22
194,27849,2020-08-27,18706.0,441.0,337.14300000000003,-26
195,27850,2020-08-28,19077.0,371.0,343.85699999999997,-20
196,27851,2020-08-29,19400.0,323.0,342.57099999999997,-29
197,27852,2020-08-30,19699.0,299.0,328.57099999999997,-29
198,27853,2020-08-31,19947.0,248.0,326.0,-16
199,27854,2020-09-01,20182.0,235.0,319.57099999999997,-16
200,27855,2020-09-02,20449.0,267.0,312.0,-29
201,27856,2020-09-03,20644.0,195.0,276.857,-25
202,27857,2020-09-04,20842.0,198.0,252.143,-17
203,27858,2020-09-05,20842.0,0.0,206.0,-24
204,27859,2020-09-06,21177.0,335.0,211.143,-30
205,27860,2020-09-07,21296.0,119.0,192.71400000000003,-31
206,27861,2020-09-08,21432.0,136.0,178.571,-12
207,27862,2020-09-09,21588.0,156.0,162.714,-18
208,27863,2020-09-10,21743.0,155.0,157.0,-16
209,27864,2020-09-11,21919.0,176.0,153.857,-17
210,27865,2020-09-12,22055.0,136.0,173.28599999999997,-21
211,27866,2020-09-13,22176.0,121.0,142.714,-12
212,27867,2020-09-14,22285.0,109.0,141.286,-9
213,27868,2020-09-15,22391.0,106.0,137.0,-8
214,27869,2020-09-16,22504.0,113.0,130.857,-13
215,27870,2020-09-17,22657.0,153.0,130.571,-14
216,27871,2020-09-18,22783.0,126.0,123.429,-9
217,27872,2020-09-19,22893.0,110.0,119.714,-10
218,27873,2020-09-20,22975.0,82.0,114.14299999999999,-8
219,27874,2020-09-21,23045.0,70.0,108.571,-5
220,27875,2020-09-22,23106.0,61.0,102.14299999999999,-1
221,27876,2020-09-23,23216.0,110.0,101.714,0
222,27877,2020-09-24,23341.0,125.0,97.714,-1
223,27878,2020-09-25,23455.0,114.0,96.0,1
224,27879,2020-09-26,23516.0,61.0,89.0,-2
225,27880,2020-09-27,23611.0,95.0,90.85700000000001,1
226,27881,2020-09-28,23661.0,50.0,88.0,9
227,27882,2020-09-29,23699.0,38.0,84.714,16
228,27883,2020-09-30,23812.0,113.0,85.14299999999999,-10
229,27884,2020-10-01,23812.0,0.0,67.286,-21
230,27885,2020-10-02,23952.0,140.0,71.0,-21
231,27886,2020-10-03,24027.0,75.0,73.0,-13
232,27887,2020-10-04,24091.0,64.0,68.571,-9
233,27888,2020-10-05,24164.0,73.0,71.857,3
234,27889,2020-10-06,24239.0,75.0,77.143,4
235,27890,2020-10-07,24353.0,114.0,77.286,2
236,27891,2020-10-08,24422.0,69.0,87.14299999999999,4
237,27892,2020-10-09,24476.0,54.0,74.857,-10
238,27893,2020-10-10,24548.0,72.0,74.429,-3
239,27894,2020-10-11,24606.0,58.0,73.571,1
240,27895,2020-10-12,24703.0,97.0,77.0,6
241,27896,2020-10-13,24805.0,102.0,80.857,6
242,27897,2020-10-14,24889.0,84.0,76.571,3
243,27898,2020-10-15,24988.0,99.0,80.857,1
244,27899,2020-10-16,25035.0,47.0,79.857,3
245,27900,2020-10-17,25108.0,73.0,80.0,4
246,27901,2020-10-18,25199.0,91.0,84.714,5
247,27902,2020-10-19,25275.0,76.0,81.714,8
248,27903,2020-10-20,25333.0,58.0,75.429,10
249,27904,2020-10-21,25424.0,91.0,76.429,4
250,27905,2020-10-22,25543.0,119.0,79.286,1
251,27906,2020-10-23,25698.0,155.0,94.714,3
252,27907,2020-10-24,25775.0,77.0,95.286,4
253,27908,2020-10-25,25836.0,61.0,91.0,8
254,27909,2020-10-26,25955.0,119.0,97.14299999999999,9
255,27910,2020-10-27,26043.0,88.0,101.429,9
256,27911,2020-10-28,26146.0,103.0,103.14299999999999,5
257,27912,2020-10-29,26271.0,125.0,104.0,2
258,27913,2020-10-30,26385.0,114.0,98.14299999999999,4
259,27914,2020-10-31,26511.0,126.0,105.14299999999999,5
260,27915,2020-11-01,26635.0,124.0,114.14299999999999,-4
261,27916,2020-11-02,26732.0,97.0,111.0,5
262,27917,2020-11-03,26807.0,75.0,109.14299999999999,3
