,index,Date,Total_cases,New_cases,New_smoothed,Transits
0,32395,2020-02-15,3.0,0.0,0.14300000000000002,4.0
1,32396,2020-02-16,3.0,0.0,0.14300000000000002,6.0
2,32397,2020-02-17,3.0,0.0,0.14300000000000002,5.0
3,32398,2020-02-18,3.0,0.0,0.0,2.0
4,32399,2020-02-19,3.0,0.0,0.0,3.0
5,32400,2020-02-20,3.0,0.0,0.0,3.0
6,32401,2020-02-21,3.0,0.0,0.0,4.0
7,32402,2020-02-22,3.0,0.0,0.0,4.0
8,32403,2020-02-23,4.0,1.0,0.14300000000000002,7.0
9,32404,2020-02-24,4.0,0.0,0.14300000000000002,4.0
10,32405,2020-02-25,6.0,2.0,0.429,2.0
11,32406,2020-02-26,6.0,0.0,0.429,1.0
12,32407,2020-02-27,6.0,0.0,0.429,2.0
13,32408,2020-02-28,11.0,5.0,1.143,6.0
14,32409,2020-02-29,14.0,3.0,1.571,5.0
15,32410,2020-03-01,15.0,1.0,1.571,7.0
16,32411,2020-03-02,15.0,0.0,1.571,4.0
17,32412,2020-03-03,16.0,1.0,1.429,2.0
18,32413,2020-03-04,19.0,3.0,1.857,3.0
19,32414,2020-03-05,22.0,3.0,2.286,3.0
20,32415,2020-03-06,24.0,2.0,1.857,3.0
21,32416,2020-03-07,24.0,0.0,1.429,2.0
22,32417,2020-03-08,25.0,1.0,1.429,4.0
23,32418,2020-03-09,29.0,4.0,2.0,-17.0
24,32419,2020-03-10,31.0,2.0,2.1430000000000002,3.0
25,32420,2020-03-11,42.0,11.0,3.286,2.0
26,32421,2020-03-12,70.0,28.0,6.857,3.0
27,32422,2020-03-13,98.0,28.0,10.571,5.0
28,32423,2020-03-14,159.0,61.0,19.285999999999998,4.0
29,32424,2020-03-15,209.0,50.0,26.285999999999998,-4.0
30,32425,2020-03-16,245.0,36.0,30.857,-30.0
31,32426,2020-03-17,314.0,69.0,40.429,-9.0
32,32427,2020-03-18,411.0,97.0,52.714,-17.0
33,32428,2020-03-19,516.0,105.0,63.714,-22.0
34,32429,2020-03-20,664.0,148.0,80.857,-26.0
35,32430,2020-03-21,782.0,118.0,89.0,-29.0
36,32431,2020-03-22,850.0,68.0,91.571,-33.0
37,32432,2020-03-23,899.0,49.0,93.429,-37.0
38,32433,2020-03-24,1034.0,135.0,102.85700000000001,-41.0
39,32434,2020-03-25,1222.0,188.0,115.85700000000001,-44.0
40,32435,2020-03-26,1377.0,155.0,123.0,-46.0
41,32436,2020-03-27,1580.0,203.0,130.857,-47.0
42,32437,2020-03-28,1803.0,223.0,145.857,-43.0
43,32438,2020-03-29,1974.0,171.0,160.571,-47.0
44,32439,2020-03-30,2120.0,146.0,174.429,-47.0
45,32440,2020-03-31,2446.0,326.0,201.71400000000003,-48.0
46,32441,2020-04-01,2732.0,286.0,215.71400000000003,-50.0
47,32442,2020-04-02,3069.0,337.0,241.71400000000003,-52.0
48,32443,2020-04-03,3390.0,321.0,258.57099999999997,-52.0
49,32444,2020-04-04,3737.0,347.0,276.286,-48.0
50,32445,2020-04-05,3966.0,229.0,284.57099999999997,-51.0
51,32446,2020-04-06,4203.0,237.0,297.57099999999997,-54.0
52,32447,2020-04-07,4776.0,573.0,332.85699999999997,-56.0
53,32448,2020-04-08,5249.0,473.0,359.57099999999997,-55.0
54,32449,2020-04-09,5783.0,534.0,387.714,-62.0
55,32450,2020-04-10,6212.0,429.0,403.14300000000003,-72.0
56,32451,2020-04-11,6726.0,514.0,427.0,-63.0
57,32452,2020-04-12,7152.0,426.0,455.14300000000003,-57.0
58,32453,2020-04-13,7589.0,437.0,483.714,-56.0
59,32454,2020-04-14,8477.0,888.0,528.714,-57.0
60,32455,2020-04-15,9343.0,866.0,584.857,-56.0
61,32456,2020-04-16,10255.0,912.0,638.857,-57.0
62,32457,2020-04-17,11194.0,939.0,711.7139999999999,-58.0
63,32458,2020-04-18,12270.0,1076.0,792.0,-55.0
64,32459,2020-04-19,13025.0,755.0,839.0,-56.0
65,32460,2020-04-20,13730.0,705.0,877.2860000000001,-57.0
66,32461,2020-04-21,15162.0,1432.0,955.0,-60.0
67,32462,2020-04-22,16547.0,1385.0,1029.143,-60.0
68,32463,2020-04-23,17850.0,1303.0,1085.0,-61.0
69,32464,2020-04-24,19241.0,1391.0,1149.5710000000001,-62.0
70,32465,2020-04-25,20838.0,1597.0,1224.0,-58.0
71,32466,2020-04-26,21873.0,1035.0,1264.0,-59.0
72,32467,2020-04-27,22865.0,992.0,1305.0,-60.0
73,32468,2020-04-28,24670.0,1805.0,1358.286,-61.0
74,32469,2020-04-29,26467.0,1797.0,1417.1429999999998,-60.0
75,32470,2020-04-30,28222.0,1755.0,1481.714,-57.0
76,32471,2020-05-01,29987.0,1765.0,1535.1429999999998,-67.0
77,32472,2020-05-02,31366.0,1379.0,1504.0,-57.0
78,32473,2020-05-03,32718.0,1352.0,1549.286,-58.0
79,32474,2020-05-04,33959.0,1241.0,1584.8570000000002,-59.0
80,32475,2020-05-05,36466.0,2507.0,1685.1429999999998,-61.0
81,32476,2020-05-06,38548.0,2082.0,1725.8570000000002,-61.0
82,32477,2020-05-07,40813.0,2265.0,1798.714,-62.0
83,32478,2020-05-08,43187.0,2374.0,1885.714,-61.0
84,32479,2020-05-09,45580.0,2393.0,2030.5710000000001,-56.0
85,32480,2020-05-10,47093.0,1513.0,2053.571,-57.0
86,32481,2020-05-11,48495.0,1402.0,2076.571,-60.0
87,32482,2020-05-12,51437.0,2942.0,2138.714,-60.0
88,32483,2020-05-13,54340.0,2903.0,2256.0,-61.0
89,32484,2020-05-14,57435.0,3095.0,2374.571,-60.0
90,32485,2020-05-15,60485.0,3050.0,2471.143,-58.0
91,32486,2020-05-16,63934.0,3449.0,2622.0,-53.0
92,32487,2020-05-17,66085.0,2151.0,2713.143,-56.0
93,32488,2020-05-18,67708.0,1623.0,2744.7140000000004,-57.0
94,32489,2020-05-19,71706.0,3998.0,2895.571,-58.0
95,32490,2020-05-20,75253.0,3547.0,2987.571,-58.0
96,32491,2020-05-21,79147.0,3894.0,3101.7140000000004,-58.0
97,32492,2020-05-22,83125.0,3978.0,3234.2859999999996,-58.0
98,32493,2020-05-23,87088.0,3963.0,3307.7140000000004,-53.0
99,32494,2020-05-24,89344.0,2256.0,3322.7140000000004,-55.0
100,32495,2020-05-25,91205.0,1861.0,3356.7140000000004,-56.0
101,32496,2020-05-26,95798.0,4593.0,3441.7140000000004,-58.0
102,32497,2020-05-27,100112.0,4314.0,3551.2859999999996,-59.0
103,32498,2020-05-28,104569.0,4457.0,3631.7140000000004,-58.0
104,32499,2020-05-29,108772.0,4203.0,3663.857,-56.0
105,32500,2020-05-30,113116.0,4344.0,3718.2859999999996,-50.0
106,32501,2020-05-31,115829.0,2713.0,3783.571,-52.0
107,32502,2020-06-01,117890.0,2061.0,3812.143,-52.0
108,32503,2020-06-02,123139.0,5249.0,3905.857,-54.0
109,32504,2020-06-03,127855.0,4716.0,3963.2859999999996,-54.0
110,32505,2020-06-04,132771.0,4916.0,4028.857,-55.0
111,32506,2020-06-05,137641.0,4870.0,4124.143,-55.0
112,32507,2020-06-06,142654.0,5013.0,4219.714,-49.0
113,32508,2020-06-07,145637.0,2983.0,4258.286,-51.0
114,32509,2020-06-08,147960.0,2323.0,4295.714,-53.0
115,32510,2020-06-09,154088.0,6128.0,4421.286,-55.0
116,32511,2020-06-10,159821.0,5733.0,4566.571,-54.0
117,32512,2020-06-11,165511.0,5690.0,4677.143,-54.0
118,32513,2020-06-12,170874.0,5363.0,4747.571,-53.0
119,32514,2020-06-13,176460.0,5586.0,4829.429,-47.0
120,32515,2020-06-14,179511.0,3051.0,4839.143,-49.0
121,32516,2020-06-15,182078.0,2567.0,4874.0,-49.0
122,32517,2020-06-16,188602.0,6524.0,4930.571,-50.0
123,32518,2020-06-17,194976.0,6374.0,5022.143,-51.0
124,32519,2020-06-18,201070.0,6094.0,5079.857,-51.0
125,32520,2020-06-19,207092.0,6022.0,5174.0,-50.0
126,32521,2020-06-20,213165.0,6073.0,5243.571,-44.0
127,32522,2020-06-21,216701.0,3536.0,5312.857,-47.0
128,32523,2020-06-22,219132.0,2431.0,5293.429,-51.0
129,32524,2020-06-23,225964.0,6832.0,5337.429,-52.0
130,32525,2020-06-24,232538.0,6574.0,5366.0,-51.0
131,32526,2020-06-25,238802.0,6264.0,5390.286,-52.0
132,32527,2020-06-26,245033.0,6231.0,5420.143,-51.0
133,32528,2020-06-27,251502.0,6469.0,5476.714,-44.0
134,32529,2020-06-28,255131.0,3629.0,5490.0,-46.0
135,32530,2020-06-29,258048.0,2917.0,5559.429,-48.0
136,32531,2020-06-30,265510.0,7462.0,5649.429,-48.0
137,32532,2020-07-01,272653.0,7143.0,5730.714,-47.0
138,32533,2020-07-02,280196.0,7543.0,5913.429,-47.0
139,32534,2020-07-03,287196.0,7000.0,6023.286,-47.0
140,32535,2020-07-04,294212.0,7016.0,6101.429,-43.0
141,32536,2020-07-05,297835.0,3623.0,6100.571,-44.0
142,32537,2020-07-06,300788.0,2953.0,6105.714,-46.0
143,32538,2020-07-07,308574.0,7786.0,6152.0,-48.0
144,32539,2020-07-08,316401.0,7827.0,6249.714,-48.0
145,32540,2020-07-09,323802.0,7401.0,6229.429,-48.0
146,32541,2020-07-10,330896.0,7094.0,6242.857,-47.0
147,32542,2020-07-11,338046.0,7150.0,6262.0,-41.0
148,32543,2020-07-12,341865.0,3819.0,6290.0,-43.0
149,32544,2020-07-13,345041.0,3176.0,6321.857,-46.0
150,32545,2020-07-14,353833.0,8792.0,6465.571,-47.0
151,32546,2020-07-15,362245.0,8412.0,6549.143,-45.0
152,32547,2020-07-16,370983.0,8738.0,6740.143,-45.0
153,32548,2020-07-17,379162.0,8179.0,6895.143,-45.0
154,32549,2020-07-18,387053.0,7891.0,7001.0,-39.0
155,32550,2020-07-19,391397.0,4344.0,7076.0,-41.0
156,32551,2020-07-20,394786.0,3389.0,7106.429,-45.0
157,32552,2020-07-21,403830.0,9044.0,7142.429,-46.0
158,32553,2020-07-22,412440.0,8610.0,7170.714,-46.0
159,32554,2020-07-23,420716.0,8276.0,7104.714,-46.0
160,32555,2020-07-24,428704.0,7988.0,7077.429,-46.0
161,32556,2020-07-25,436653.0,7949.0,7085.714,-40.0
162,32557,2020-07-26,440766.0,4113.0,7052.714,-43.0
163,32558,2020-07-27,443731.0,2965.0,6992.143,-47.0
164,32559,2020-07-28,452144.0,8413.0,6902.0,-46.0
165,32560,2020-07-29,460254.0,8110.0,6830.571,-46.0
166,32561,2020-07-30,467871.0,7617.0,6736.429,-45.0
167,32562,2020-07-31,475395.0,7524.0,6670.143,-43.0
168,32563,2020-08-01,482055.0,6660.0,6486.0,-36.0
169,32564,2020-08-02,485776.0,3721.0,6430.0,-38.0
170,32565,2020-08-03,488250.0,2474.0,6359.857,-42.0
171,32566,2020-08-04,495680.0,7430.0,6219.429,-43.0
172,32567,2020-08-05,502966.0,7286.0,6101.714,-43.0
173,32568,2020-08-06,510037.0,7071.0,6023.714,-44.0
174,32569,2020-08-07,516654.0,6617.0,5894.143,-43.0
175,32570,2020-08-08,523193.0,6539.0,5876.857,-38.0
176,32571,2020-08-09,526809.0,3616.0,5861.857,-39.0
177,32572,2020-08-10,529186.0,2377.0,5848.0,-42.0
178,32573,2020-08-11,536272.0,7086.0,5798.857,-43.0
179,32574,2020-08-12,543055.0,6783.0,5727.0,-44.0
180,32575,2020-08-13,549361.0,6306.0,5617.714,-43.0
181,32576,2020-08-14,555610.0,6249.0,5565.143,-41.0
182,32577,2020-08-15,561659.0,6049.0,5495.143,-33.0
183,32578,2020-08-16,564803.0,3144.0,5427.714,-33.0
184,32579,2020-08-17,567066.0,2263.0,5411.429,-41.0
185,32580,2020-08-18,573775.0,6709.0,5357.571,-42.0
186,32581,2020-08-19,580336.0,6561.0,5325.857,-42.0
187,32582,2020-08-20,586484.0,6148.0,5303.286,-42.0
188,32583,2020-08-21,592323.0,5839.0,5244.714,-41.0
189,32584,2020-08-22,598441.0,6118.0,5254.571,-34.0
190,32585,2020-08-23,601469.0,3028.0,5238.0,-34.0
191,32586,2020-08-24,603739.0,2270.0,5239.0,-42.0
192,32587,2020-08-25,610590.0,6851.0,5259.286,-43.0
193,32588,2020-08-26,616993.0,6403.0,5236.714,-43.0
194,32589,2020-08-27,623847.0,6854.0,5337.571,-43.0
195,32590,2020-08-28,630095.0,6248.0,5396.0,-41.0
196,32591,2020-08-29,636301.0,6206.0,5408.571,-33.0
197,32592,2020-08-30,639318.0,3017.0,5407.0,-32.0
198,32593,2020-08-31,641442.0,2124.0,5386.143,-40.0
199,32594,2020-09-01,648171.0,6729.0,5368.714,-40.0
200,32595,2020-09-02,655107.0,6936.0,5444.857,-41.0
201,32596,2020-09-03,661865.0,6758.0,5431.143,-41.0
202,32597,2020-09-04,668013.0,6148.0,5416.857,-41.0
203,32598,2020-09-05,673906.0,5893.0,5372.143,-34.0
204,32599,2020-09-06,676655.0,2749.0,5333.857,-35.0
205,32600,2020-09-07,678635.0,1980.0,5313.286,-40.0
206,32601,2020-09-08,684823.0,6188.0,5236.0,-42.0
207,32602,2020-09-09,691226.0,6403.0,5159.857,-42.0
208,32603,2020-09-10,697108.0,5882.0,5034.714,-41.0
209,32604,2020-09-11,702590.0,5482.0,4939.571,-40.0
210,32605,2020-09-12,707898.0,5308.0,4856.0,-32.0
211,32606,2020-09-13,710567.0,2669.0,4844.571,-32.0
212,32607,2020-09-14,712370.0,1803.0,4819.286,-37.0
213,32608,2020-09-15,718355.0,5985.0,4790.286,-40.0
214,32609,2020-09-16,722453.0,4098.0,4461.0,-62.0
215,32610,2020-09-17,724535.0,2082.0,3918.143,-41.0
216,32611,2020-09-18,730535.0,6000.0,3992.143,-41.0
217,32612,2020-09-19,736086.0,5551.0,4026.857,-33.0
218,32613,2020-09-20,738744.0,2658.0,4025.2859999999996,-32.0
219,32614,2020-09-21,740445.0,1701.0,4010.7140000000004,-39.0
220,32615,2020-09-22,746476.0,6031.0,4017.2859999999996,-41.0
221,32616,2020-09-23,752415.0,5939.0,4280.286,-42.0
222,32617,2020-09-24,757910.0,5495.0,4767.857,-42.0
223,32618,2020-09-25,763066.0,5156.0,4647.286,-40.0
224,32619,2020-09-26,768145.0,5079.0,4579.857,-32.0
225,32620,2020-09-27,770680.0,2535.0,4562.286,-32.0
226,32621,2020-09-28,772381.0,1701.0,4562.286,-40.0
227,32622,2020-09-29,778333.0,5952.0,4551.0,-42.0
228,32623,2020-09-30,784074.0,5741.0,4522.714,-38.0
229,32624,2020-10-01,789286.0,5212.0,4482.286,-37.0
230,32625,2020-10-02,794241.0,4955.0,4453.571,-35.0
231,32626,2020-10-03,798940.0,4699.0,4399.286,-27.0
232,32627,2020-10-04,801206.0,2266.0,4360.857,-25.0
233,32628,2020-10-05,802786.0,1580.0,4343.571,-36.0
234,32629,2020-10-06,808033.0,5247.0,4242.857,-38.0
235,32630,2020-10-07,813438.0,5405.0,4194.857,-40.0
236,32631,2020-10-08,818613.0,5175.0,4189.571,-39.0
237,32632,2020-10-09,823549.0,4936.0,4186.857,-38.0
238,32633,2020-10-10,828558.0,5009.0,4231.143,-29.0
239,32634,2020-10-11,830993.0,2435.0,4255.286,-29.0
240,32635,2020-10-12,832743.0,1750.0,4279.571,-38.0
241,32636,2020-10-13,838069.0,5326.0,4290.857,-38.0
242,32637,2020-10-14,842617.0,4548.0,4168.429,-36.0
243,32638,2020-10-15,845257.0,2640.0,3806.2859999999996,-34.0
244,32639,2020-10-16,846727.0,1470.0,3311.143,-33.0
245,32640,2020-10-17,847107.0,380.0,2649.857,-24.0
246,32641,2020-10-18,849907.0,2800.0,2702.0,-23.0
247,32642,2020-10-19,851227.0,1320.0,2640.571,-35.0
248,32643,2020-10-20,854926.0,3699.0,2408.143,-36.0
249,32644,2020-10-21,860714.0,5788.0,2585.286,-36.0
250,32645,2020-10-22,867559.0,6845.0,3186.0,-36.0
251,32646,2020-10-23,874171.0,6612.0,3920.571,-34.0
252,32647,2020-10-24,880775.0,6604.0,4809.714,-25.0
253,32648,2020-10-25,886800.0,6025.0,5270.429,-24.0
254,32649,2020-10-26,891160.0,4360.0,5704.714,-34.0
255,32650,2020-10-27,895326.0,4166.0,5771.429,-36.0
256,32651,2020-10-28,901268.0,5942.0,5793.429,-36.0
257,32652,2020-10-29,906863.0,5595.0,5614.857,-35.0
258,32653,2020-10-30,912811.0,5948.0,5520.0,-32.0
259,32654,2020-10-31,918811.0,6000.0,5433.714,-25.0
260,32655,2020-11-01,924962.0,6151.0,5451.714,-28.0
261,32656,2020-11-02,929392.0,4430.0,5461.714,-45.0
262,32657,2020-11-03,933155.0,3763.0,5404.143,-35.0
