,index,Date,Total_cases,New_cases,New_smoothed,Transits
0,50628,2020-02-15,15.0,0.0,0.429,3.0
1,50629,2020-02-16,15.0,0.0,0.429,2.0
2,50630,2020-02-17,15.0,0.0,0.429,-9.0
3,50631,2020-02-18,15.0,0.0,0.28600000000000003,1.0
4,50632,2020-02-19,15.0,0.0,0.28600000000000003,1.0
5,50633,2020-02-20,15.0,0.0,0.14300000000000002,0.0
6,50634,2020-02-21,16.0,1.0,0.14300000000000002,1.0
7,50635,2020-02-22,35.0,19.0,2.8569999999999998,5.0
8,50636,2020-02-23,35.0,0.0,2.8569999999999998,5.0
9,50637,2020-02-24,35.0,0.0,2.8569999999999998,1.0
10,50638,2020-02-25,53.0,18.0,5.428999999999999,2.0
11,50639,2020-02-26,53.0,0.0,5.428999999999999,3.0
12,50640,2020-02-27,59.0,6.0,6.2860000000000005,4.0
13,50641,2020-02-28,60.0,1.0,6.2860000000000005,5.0
14,50642,2020-02-29,66.0,6.0,4.428999999999999,7.0
15,50643,2020-03-01,69.0,3.0,4.857,7.0
16,50644,2020-03-02,89.0,20.0,7.7139999999999995,2.0
17,50645,2020-03-03,103.0,14.0,7.143,3.0
18,50646,2020-03-04,125.0,22.0,10.286,2.0
19,50647,2020-03-05,159.0,34.0,14.286,2.0
20,50648,2020-03-06,233.0,74.0,24.714000000000002,2.0
21,50649,2020-03-07,338.0,105.0,38.857,7.0
22,50650,2020-03-08,433.0,95.0,52.0,5.0
23,50651,2020-03-09,554.0,121.0,66.429,-1.0
24,50652,2020-03-10,754.0,200.0,93.0,-3.0
25,50653,2020-03-11,1025.0,271.0,128.571,-2.0
26,50654,2020-03-12,1312.0,287.0,164.71400000000003,-6.0
27,50655,2020-03-13,1663.0,351.0,204.28599999999997,-10.0
28,50656,2020-03-14,2174.0,511.0,262.286,-10.0
29,50657,2020-03-15,2951.0,777.0,359.714,-13.0
30,50658,2020-03-16,3774.0,823.0,460.0,-22.0
31,50659,2020-03-17,4661.0,887.0,558.143,-26.0
32,50660,2020-03-18,6427.0,1766.0,771.7139999999999,-30.0
33,50661,2020-03-19,9415.0,2988.0,1157.5710000000001,-36.0
34,50662,2020-03-20,14250.0,4835.0,1798.1429999999998,-37.0
35,50663,2020-03-21,19624.0,5374.0,2492.857,-36.0
36,50664,2020-03-22,26747.0,7123.0,3399.429,-44.0
37,50665,2020-03-23,35206.0,8459.0,4490.286,-47.0
38,50666,2020-03-24,46442.0,11236.0,5968.714,-46.0
39,50667,2020-03-25,55231.0,8789.0,6972.0,-47.0
40,50668,2020-03-26,69194.0,13963.0,8539.857,-48.0
41,50669,2020-03-27,85991.0,16797.0,10248.714,-49.0
42,50670,2020-03-28,104686.0,18695.0,12151.714,-49.0
43,50671,2020-03-29,124665.0,19979.0,13988.286,-51.0
44,50672,2020-03-30,143025.0,18360.0,15402.714,-50.0
45,50673,2020-03-31,164620.0,21595.0,16882.571,-49.0
46,50674,2020-04-01,189618.0,24998.0,19198.143,-48.0
47,50675,2020-04-02,216721.0,27103.0,21075.286,-51.0
48,50676,2020-04-03,245540.0,28819.0,22792.714,-51.0
49,50677,2020-04-04,277965.0,32425.0,24754.142999999996,-50.0
50,50678,2020-04-05,312237.0,34272.0,26796.0,-54.0
51,50679,2020-04-06,337635.0,25398.0,27801.429,-52.0
52,50680,2020-04-07,368196.0,30561.0,29082.286,-51.0
53,50681,2020-04-08,398809.0,30613.0,29884.429,-51.0
54,50682,2020-04-09,432132.0,33323.0,30773.0,-54.0
55,50683,2020-04-10,466033.0,33901.0,31499.0,-54.0
56,50684,2020-04-11,501560.0,35527.0,31942.142999999996,-49.0
57,50685,2020-04-12,529951.0,28391.0,31102.0,-56.0
58,50686,2020-04-13,557571.0,27620.0,31419.429,-55.0
59,50687,2020-04-14,582594.0,25023.0,30628.286,-50.0
60,50688,2020-04-15,609516.0,26922.0,30101.0,-49.0
61,50689,2020-04-16,639664.0,30148.0,29647.429,-50.0
62,50690,2020-04-17,671331.0,31667.0,29328.286,-51.0
63,50691,2020-04-18,702164.0,30833.0,28657.714,-47.0
64,50692,2020-04-19,735086.0,32922.0,29305.0,-50.0
65,50693,2020-04-20,759687.0,24601.0,28873.714,-49.0
66,50694,2020-04-21,787752.0,28065.0,29308.286,-49.0
67,50695,2020-04-22,825041.0,37289.0,30789.286,-48.0
68,50696,2020-04-23,842629.0,17588.0,28995.0,-50.0
69,50697,2020-04-24,869172.0,26543.0,28263.0,-50.0
70,50698,2020-04-25,890524.0,21352.0,26908.571,-42.0
71,50699,2020-04-26,939053.0,48529.0,29138.142999999996,-48.0
72,50700,2020-04-27,965910.0,26857.0,29460.429,-48.0
73,50701,2020-04-28,988451.0,22541.0,28671.286,-45.0
74,50702,2020-04-29,1012583.0,24132.0,26791.714,-46.0
75,50703,2020-04-30,1039909.0,27326.0,28182.857000000004,-47.0
76,50704,2020-05-01,1069826.0,29917.0,28664.857000000004,-43.0
77,50705,2020-05-02,1103781.0,33955.0,30465.286,-35.0
78,50706,2020-05-03,1133069.0,29288.0,27716.571,-40.0
79,50707,2020-05-04,1158041.0,24972.0,27447.286,-44.0
80,50708,2020-05-05,1180634.0,22593.0,27454.714,-43.0
81,50709,2020-05-06,1204475.0,23841.0,27413.142999999996,-43.0
82,50710,2020-05-07,1228603.0,24128.0,26956.286,-42.0
83,50711,2020-05-08,1256972.0,28369.0,26735.142999999996,-43.0
84,50712,2020-05-09,1283929.0,26957.0,25735.429,-35.0
85,50713,2020-05-10,1309541.0,25612.0,25210.286,-37.0
86,50714,2020-05-11,1329799.0,20258.0,24536.857000000004,-44.0
87,50715,2020-05-12,1347916.0,18117.0,23897.429,-41.0
88,50716,2020-05-13,1369964.0,22048.0,23641.286,-40.0
89,50717,2020-05-14,1390746.0,20782.0,23163.286,-42.0
90,50718,2020-05-15,1417889.0,27143.0,22988.142999999996,-40.0
91,50719,2020-05-16,1443397.0,25508.0,22781.142999999996,-34.0
92,50720,2020-05-17,1467884.0,24487.0,22620.429,-39.0
93,50721,2020-05-18,1486757.0,18873.0,22422.571,-43.0
94,50722,2020-05-19,1508598.0,21841.0,22954.571,-40.0
95,50723,2020-05-20,1528568.0,19970.0,22657.714,-38.0
96,50724,2020-05-21,1551853.0,23285.0,23015.286,-37.0
97,50725,2020-05-22,1577287.0,25434.0,22771.142999999996,-36.0
98,50726,2020-05-23,1601434.0,24147.0,22576.714,-30.0
99,50727,2020-05-24,1622670.0,21236.0,22112.286,-33.0
100,50728,2020-05-25,1643238.0,20568.0,22354.429,-48.0
101,50729,2020-05-26,1662302.0,19064.0,21957.714,-37.0
102,50730,2020-05-27,1681212.0,18910.0,21806.286,-37.0
103,50731,2020-05-28,1699933.0,18721.0,21154.286,-37.0
104,50732,2020-05-29,1721750.0,21817.0,20637.571,-36.0
105,50733,2020-05-30,1747087.0,25337.0,20807.571,-26.0
106,50734,2020-05-31,1770384.0,23297.0,21102.0,-30.0
107,50735,2020-06-01,1790191.0,19807.0,20993.286,-36.0
108,50736,2020-06-02,1811277.0,21086.0,21282.142999999996,-36.0
109,50737,2020-06-03,1831821.0,20544.0,21515.571,-35.0
110,50738,2020-06-04,1851520.0,19699.0,21655.286,-35.0
111,50739,2020-06-05,1872660.0,21140.0,21558.571,-34.0
112,50740,2020-06-06,1897838.0,25178.0,21535.857000000004,-25.0
113,50741,2020-06-07,1920061.0,22223.0,21382.429,-28.0
114,50742,2020-06-08,1942363.0,22302.0,21738.857000000004,-34.0
115,50743,2020-06-09,1961185.0,18822.0,21415.429,-34.0
116,50744,2020-06-10,1979850.0,18665.0,21147.0,-33.0
117,50745,2020-06-11,2000464.0,20614.0,21277.714,-33.0
118,50746,2020-06-12,2023347.0,22883.0,21526.714,-30.0
119,50747,2020-06-13,2048986.0,25639.0,21592.571,-20.0
120,50748,2020-06-14,2074526.0,25540.0,22066.429,-23.0
121,50749,2020-06-15,2094069.0,19543.0,21672.286,-32.0
122,50750,2020-06-16,2114026.0,19957.0,21834.429,-31.0
123,50751,2020-06-17,2137731.0,23705.0,22554.429,-31.0
124,50752,2020-06-18,2163290.0,25559.0,23260.857000000004,-31.0
125,50753,2020-06-19,2191052.0,27762.0,23957.857000000004,-28.0
126,50754,2020-06-20,2220961.0,29909.0,24567.857000000004,-20.0
127,50755,2020-06-21,2255119.0,34158.0,25799.0,-23.0
128,50756,2020-06-22,2280912.0,25793.0,26691.857000000004,-32.0
129,50757,2020-06-23,2312302.0,31390.0,28325.142999999996,-30.0
130,50758,2020-06-24,2347022.0,34720.0,29898.714,-30.0
131,50759,2020-06-25,2381361.0,34339.0,31153.0,-29.0
132,50760,2020-06-26,2422310.0,40949.0,33036.857,-28.0
133,50761,2020-06-27,2467837.0,45527.0,35268.0,-20.0
134,50762,2020-06-28,2510323.0,42486.0,36457.714,-22.0
135,50763,2020-06-29,2548996.0,38673.0,38297.714,-31.0
136,50764,2020-06-30,2590552.0,41556.0,39750.0,-30.0
137,50765,2020-07-01,2634432.0,43880.0,41058.571,-27.0
138,50766,2020-07-02,2686480.0,52048.0,43588.429000000004,-24.0
139,50767,2020-07-03,2739879.0,53399.0,45367.0,-30.0
140,50768,2020-07-04,2794321.0,54442.0,46640.570999999996,-30.0
141,50769,2020-07-05,2839542.0,45221.0,47031.28599999999,-23.0
142,50770,2020-07-06,2888635.0,49093.0,48519.857,-30.0
143,50771,2020-07-07,2938625.0,49990.0,49724.71400000001,-29.0
144,50772,2020-07-08,2996098.0,57473.0,51666.570999999996,-30.0
145,50773,2020-07-09,3055004.0,58906.0,52646.28599999999,-30.0
146,50774,2020-07-10,3118008.0,63004.0,54018.429000000004,-31.0
147,50775,2020-07-11,3184633.0,66625.0,55758.857,-21.0
148,50776,2020-07-12,3247684.0,63051.0,58306.0,-23.0
149,50777,2020-07-13,3304942.0,57258.0,59472.429000000004,-31.0
150,50778,2020-07-14,3363056.0,58114.0,60633.0,-31.0
151,50779,2020-07-15,3431574.0,68518.0,62210.857,-31.0
152,50780,2020-07-16,3499291.0,67717.0,63469.570999999996,-31.0
153,50781,2020-07-17,3576221.0,76930.0,65459.0,-29.0
154,50782,2020-07-18,3647715.0,71494.0,66154.571,-21.0
155,50783,2020-07-19,3711464.0,63749.0,66254.286,-24.0
156,50784,2020-07-20,3773260.0,61796.0,66902.571,-32.0
157,50785,2020-07-21,3830010.0,56750.0,66707.714,-32.0
158,50786,2020-07-22,3902058.0,72048.0,67212.0,-32.0
159,50787,2020-07-23,3970906.0,68848.0,67373.571,-31.0
160,50788,2020-07-24,4034102.0,63196.0,65411.570999999996,-30.0
161,50789,2020-07-25,4112529.0,78427.0,66402.0,-21.0
162,50790,2020-07-26,4178027.0,65498.0,66651.857,-24.0
163,50791,2020-07-27,4234020.0,55993.0,65822.857,-32.0
164,50792,2020-07-28,4290263.0,56243.0,65750.429,-32.0
165,50793,2020-07-29,4351997.0,61734.0,64277.0,-31.0
166,50794,2020-07-30,4426982.0,74985.0,65153.71400000001,-31.0
167,50795,2020-07-31,4495014.0,68032.0,65844.571,-28.0
168,50796,2020-08-01,4562037.0,67023.0,64215.429000000004,-20.0
169,50797,2020-08-02,4620444.0,58407.0,63202.429000000004,-24.0
170,50798,2020-08-03,4667955.0,47511.0,61990.71400000001,-31.0
171,50799,2020-08-04,4713562.0,45607.0,60471.28599999999,-33.0
172,50800,2020-08-05,4771087.0,57525.0,59870.0,-30.0
173,50801,2020-08-06,4823891.0,52804.0,56701.28599999999,-30.0
174,50802,2020-08-07,4883646.0,59755.0,55518.857,-29.0
175,50803,2020-08-08,4941796.0,58150.0,54251.28599999999,-20.0
176,50804,2020-08-09,4998017.0,56221.0,53939.0,-22.0
177,50805,2020-08-10,5044864.0,46847.0,53844.143,-32.0
178,50806,2020-08-11,5094394.0,49530.0,54404.570999999996,-31.0
179,50807,2020-08-12,5141207.0,46813.0,52874.28599999999,-32.0
180,50808,2020-08-13,5197148.0,55941.0,53322.429000000004,-31.0
181,50809,2020-08-14,5248242.0,51094.0,52085.143,-29.0
182,50810,2020-08-15,5313080.0,64838.0,53040.570999999996,-21.0
183,50811,2020-08-16,5361165.0,48085.0,51878.28599999999,-24.0
184,50812,2020-08-17,5403269.0,42104.0,51200.71400000001,-32.0
185,50813,2020-08-18,5438325.0,35056.0,49133.0,-32.0
186,50814,2020-08-19,5482416.0,44091.0,48744.143,-32.0
187,50815,2020-08-20,5529842.0,47426.0,47527.71400000001,-31.0
188,50816,2020-08-21,5573847.0,44005.0,46515.0,-29.0
189,50817,2020-08-22,5623727.0,49880.0,44378.143,-21.0
190,50818,2020-08-23,5668105.0,44378.0,43848.570999999996,-23.0
191,50819,2020-08-24,5702611.0,34506.0,42763.143,-33.0
192,50820,2020-08-25,5740909.0,38298.0,43226.28599999999,-33.0
193,50821,2020-08-26,5779028.0,38119.0,42373.143,-32.0
194,50822,2020-08-27,5821876.0,42848.0,41719.143,-32.0
195,50823,2020-08-28,5867785.0,45909.0,41991.143,-30.0
196,50824,2020-08-29,5917439.0,49654.0,41958.857,-23.0
197,50825,2020-08-30,5961582.0,44143.0,41925.286,-22.0
198,50826,2020-08-31,5997163.0,35581.0,42078.857,-32.0
199,50827,2020-09-01,6031013.0,33850.0,41443.429,-31.0
200,50828,2020-09-02,6075652.0,44639.0,42374.857,-32.0
201,50829,2020-09-03,6114406.0,38754.0,41790.0,-28.0
202,50830,2020-09-04,6150655.0,36249.0,40410.0,-25.0
203,50831,2020-09-05,6201726.0,51071.0,40612.429,-18.0
204,50832,2020-09-06,6245866.0,44140.0,40612.0,-24.0
205,50833,2020-09-07,6276421.0,30555.0,39894.0,-40.0
206,50834,2020-09-08,6300671.0,24250.0,38522.571,-31.0
207,50835,2020-09-09,6327793.0,27122.0,36020.143,-32.0
208,50836,2020-09-10,6359720.0,31927.0,35044.857,-32.0
209,50837,2020-09-11,6397227.0,37507.0,35224.571,-30.0
210,50838,2020-09-12,6445288.0,48061.0,34794.571,-22.0
211,50839,2020-09-13,6486108.0,40820.0,34320.286,-25.0
212,50840,2020-09-14,6519979.0,33871.0,34794.0,-33.0
213,50841,2020-09-15,6554820.0,34841.0,36307.0,-32.0
214,50842,2020-09-16,6606293.0,51473.0,39785.714,-32.0
215,50843,2020-09-17,6630891.0,24598.0,38738.714,-32.0
216,50844,2020-09-18,6674458.0,43567.0,39604.429,-30.0
217,50845,2020-09-19,6724667.0,50209.0,39911.286,-21.0
218,50846,2020-09-20,6764962.0,40295.0,39836.286,-24.0
219,50847,2020-09-21,6804814.0,39852.0,40690.714,-33.0
220,50848,2020-09-22,6857967.0,53153.0,43306.71400000001,-34.0
221,50849,2020-09-23,6896274.0,38307.0,41425.857,-33.0
222,50850,2020-09-24,6934204.0,37930.0,43330.429000000004,-33.0
223,50851,2020-09-25,6978417.0,44213.0,43422.71400000001,-31.0
224,50852,2020-09-26,7033430.0,55013.0,44109.0,-23.0
225,50853,2020-09-27,7078798.0,45368.0,44833.71400000001,-25.0
226,50854,2020-09-28,7115046.0,36248.0,44318.857,-35.0
227,50855,2020-09-29,7148044.0,32998.0,41439.571,-35.0
228,50856,2020-09-30,7191061.0,43017.0,42112.429000000004,-33.0
229,50857,2020-10-01,7233043.0,41982.0,42691.28599999999,-31.0
230,50858,2020-10-02,7277814.0,44771.0,42771.0,-29.0
231,50859,2020-10-03,7332285.0,54471.0,42693.570999999996,-20.0
232,50860,2020-10-04,7382944.0,50659.0,43449.429000000004,-24.0
233,50861,2020-10-05,7417845.0,34901.0,43257.0,-32.0
234,50862,2020-10-06,7458550.0,40705.0,44358.0,-32.0
235,50863,2020-10-07,7501612.0,43062.0,44364.429000000004,-33.0
236,50864,2020-10-08,7549794.0,48182.0,45250.143,-31.0
237,50865,2020-10-09,7606594.0,56800.0,46968.570999999996,-29.0
238,50866,2020-10-10,7664676.0,58082.0,47484.429000000004,-22.0
239,50867,2020-10-11,7718947.0,54271.0,48000.429000000004,-25.0
240,50868,2020-10-12,7762544.0,43597.0,49242.71400000001,-36.0
241,50869,2020-10-13,7804197.0,41653.0,49378.143,-33.0
242,50870,2020-10-14,7856714.0,52517.0,50728.857,-31.0
243,50871,2020-10-15,7916100.0,59386.0,52329.429000000004,-30.0
244,50872,2020-10-16,7979885.0,63785.0,53327.28599999999,-30.0
245,50873,2020-10-17,8050141.0,70256.0,55066.429000000004,-20.0
246,50874,2020-10-18,8106752.0,56611.0,55400.71400000001,-23.0
247,50875,2020-10-19,8154595.0,47843.0,56007.28599999999,-33.0
248,50876,2020-10-20,8214755.0,60160.0,58651.143,-32.0
249,50877,2020-10-21,8273304.0,58549.0,59512.857,-32.0
250,50878,2020-10-22,8336282.0,62978.0,60026.0,-31.0
251,50879,2020-10-23,8408340.0,72058.0,61207.857,-30.0
252,50880,2020-10-24,8493669.0,85329.0,63361.143,-23.0
253,50881,2020-10-25,8576725.0,83056.0,67139.0,-27.0
254,50882,2020-10-26,8636165.0,59440.0,68795.714,-34.0
255,50883,2020-10-27,8704524.0,68359.0,69967.0,-33.0
256,50884,2020-10-28,8779653.0,75129.0,72335.571,-34.0
257,50885,2020-10-29,8858024.0,78371.0,74534.571,-35.0
258,50886,2020-10-30,8946154.0,88130.0,76830.571,-32.0
259,50887,2020-10-31,9047427.0,101273.0,79108.286,-23.0
260,50888,2020-11-01,9126361.0,78934.0,78519.429,-29.0
261,50889,2020-11-02,9207362.0,81001.0,81599.571,-35.0
262,50890,2020-11-03,9291245.0,83883.0,83817.286,-34.0
